// ================================================================================
// CHRONO WORKBENCH - github.com/Concrete-Chrono-Development/chrono-preprocessor
//
// Copyright (c) 2023 
// All rights reserved. 
//
// Use of the code that generated this file is governed by a BSD-style license that
// can be found in the LICENSE file at the top level of the distribution and at
// github.com/Concrete-Chrono-Development/chrono-preprocessor/blob/main/LICENSE
//
// ================================================================================
// Face Facet Data File
// ================================================================================
//
// Data Structure:
// n x1 y1 z1 x2 y2 z2 x3 y3 z3
// One line per face facet, first number is the tet node index
// Note: All indices are zero-indexed
//
// ================================================================================
0 1 2
3 4 5
6 7 8
8 7 9
10 11 12
13 11 10
14 15 16
17 18 19
20 21 22
23 24 25
26 27 28
9 28 27
29 30 31
32 33 34
35 36 37
38 39 40
41 42 43
44 42 45
46 47 48
49 50 51
52 53 54
55 53 52
56 57 58
59 60 61
62 63 64
65 66 67
68 69 70
71 72 73
71 73 74
75 76 50
77 78 79
80 77 79
81 82 83
84 85 86
87 88 89
90 91 92
90 93 91
94 95 96
96 97 98
96 95 97
99 100 101
102 103 104
105 106 107
9 27 108
109 110 111
109 111 112
113 114 115
114 116 115
117 118 119
120 121 122
123 124 125
126 127 128
129 130 131
132 118 117
120 122 133
134 135 136
137 135 134
138 139 140
139 138 141
142 143 144
145 143 142
146 147 148
149 150 151
152 153 151
154 155 156
157 156 155
155 158 157
155 159 158
160 161 162
161 160 163
164 165 166
167 168 169
170 169 168
171 172 173
174 175 176
73 177 178
178 74 73
179 180 181
59 182 60
183 184 185
186 187 166
188 166 187
189 188 187
60 46 190
190 61 60
191 192 193
194 195 196
197 198 199
200 201 202
201 203 202
204 80 205
204 101 100
100 80 204
95 206 178
178 206 74
177 174 207
207 174 163
208 209 210
167 169 209
211 212 213
214 215 216
194 196 217
218 192 191
219 220 221
222 223 8
8 223 6
224 225 226
227 228 229
55 230 231
232 233 234
235 236 237
238 239 240
241 242 243
244 245 246
247 248 249
250 251 252
253 254 255
63 256 64
211 257 258
211 258 85
85 258 259
260 259 258
157 261 156
262 263 264
265 266 267
265 267 268
269 270 271
270 272 271
267 272 270
267 270 268
273 274 275
276 275 274
277 278 275
275 276 277
279 280 281
279 281 282
129 281 283
129 282 281
284 128 285
284 286 128
287 288 289
287 290 288
291 292 293
294 293 295
296 297 4
4 3 296
298 299 0
0 299 1
300 301 302
303 302 301
304 305 306
307 308 11
13 307 11
307 309 308
309 307 310
311 242 241
312 311 241
311 312 313
314 311 315
313 315 311
240 239 316
240 316 317
317 316 318
319 316 320
319 318 316
321 322 323
324 325 326
326 327 324
181 180 328
21 329 330
20 329 21
331 332 23
332 24 23
333 334 335
333 336 334
335 337 333
337 338 333
339 340 341
135 140 339
339 140 342
339 342 340
343 344 93
345 344 346
345 347 344
348 349 350
351 350 352
350 353 352
354 355 64
62 64 355
62 355 356
357 358 359
327 359 358
359 271 357
360 292 291
360 361 362
363 361 360
363 360 291
364 263 262
54 365 58
58 365 185
366 185 365
365 367 366
162 368 341
341 368 136
368 369 136
368 370 369
371 358 372
327 358 371
261 371 372
371 261 373
327 371 324
373 324 371
374 375 376
374 376 377
378 98 97
378 97 379
380 381 382
383 266 384
383 384 361
385 384 266
386 384 385
387 388 389
390 391 197
392 393 394
392 349 393
395 394 393
396 397 398
189 398 397
398 399 396
398 400 399
60 401 46
182 401 60
182 402 401
403 224 404
405 404 224
403 404 231
231 404 406
407 408 409
410 408 411
412 413 414
412 415 416
417 418 419
419 418 420
421 422 419
421 419 420
279 423 424
425 279 424
426 90 427
41 428 429
428 430 429
431 432 433
432 431 434
435 278 277
277 436 435
435 436 437
435 437 438
357 271 439
271 272 439
440 357 439
439 441 440
442 179 181
179 442 443
444 443 442
444 442 445
382 6 446
223 446 6
446 223 447
448 449 283
450 451 452
451 453 452
454 455 456
454 457 455
285 458 459
2 460 407
460 2 1
408 407 460
411 408 460
413 461 5
5 461 3
413 412 461
412 416 461
64 256 462
256 310 462
462 307 13
462 310 307
463 161 464
464 465 466
463 464 466
467 349 348
93 468 343
469 470 471
472 471 470
473 474 475
475 474 476
473 477 474
474 477 478
479 480 481
479 482 480
481 480 483
480 484 483
485 174 176
163 174 485
163 485 486
152 487 488
488 487 489
488 489 402
490 491 492
490 482 491
491 493 492
494 493 491
495 496 497
496 495 476
497 498 495
495 498 499
500 501 14
501 15 14
501 113 15
19 502 503
19 18 502
18 110 502
504 505 506
504 506 81
83 504 81
507 504 83
508 509 71
508 71 74
510 326 394
326 510 327
327 510 359
510 511 359
512 513 514
515 92 516
356 515 516
328 517 181
328 518 517
519 520 127
520 458 285
127 520 128
520 285 128
521 522 130
521 283 449
130 129 521
283 521 129
173 172 523
506 524 523
523 524 315
525 526 527
319 525 527
157 528 261
261 528 373
259 529 278
259 260 529
278 529 275
529 273 275
530 531 300
306 531 530
531 532 300
55 533 230
533 55 52
52 534 533
535 533 536
534 536 533
387 537 538
539 538 537
540 541 542
543 542 541
544 154 156
335 544 156
544 545 154
546 545 544
547 548 274
75 274 548
548 549 75
323 322 550
323 550 551
551 550 552
550 553 554
554 552 550
555 556 470
470 556 472
557 399 558
559 399 557
560 396 399
560 399 559
561 222 8
561 8 9
108 561 9
377 561 108
562 563 564
565 564 563
566 563 562
566 567 563
563 264 565
563 567 264
568 569 298
570 569 568
571 569 570
298 569 299
569 571 299
572 573 297
574 573 572
575 574 572
296 572 297
572 296 575
576 466 465
576 577 466
305 576 465
305 304 576
578 319 320
319 578 525
579 578 320
580 578 579
314 315 581
524 581 315
314 581 582
583 582 581
584 585 114
585 584 586
586 584 587
588 589 109
589 588 590
589 590 591
592 593 141
594 150 595
538 594 595
594 596 597
150 594 597
598 599 600
601 598 600
598 601 56
598 56 184
125 602 123
123 602 603
602 235 603
481 604 605
604 481 483
604 483 606
607 473 608
473 607 477
607 225 477
609 610 106
610 323 106
610 321 323
610 611 321
58 612 54
52 54 612
534 52 612
534 612 57
58 57 612
613 614 615
613 616 614
613 214 616
617 618 619
620 618 617
212 618 620
621 110 18
622 621 18
110 621 111
623 15 113
624 15 623
113 115 623
48 623 115
56 601 625
625 626 57
56 625 57
627 290 287
627 287 170
627 328 290
627 518 328
208 628 209
167 209 628
167 628 629
630 631 632
496 630 497
630 496 631
633 634 635
490 492 633
633 635 490
636 637 638
639 640 641
640 642 641
643 644 645
646 555 470
470 647 646
364 646 647
648 646 364
649 640 639
650 640 649
651 88 418
651 418 652
506 505 653
506 653 524
583 581 653
581 524 653
654 526 655
525 655 526
578 580 655
578 655 525
187 656 189
656 398 189
656 400 398
656 509 508
656 508 400
645 644 657
644 658 657
141 593 659
660 160 162
341 660 162
341 340 660
661 662 663
663 662 664
661 663 665
200 665 663
666 454 667
666 457 454
666 436 457
452 668 669
453 668 452
668 453 422
136 670 134
136 369 670
584 671 587
671 584 672
589 591 673
589 673 674
675 676 352
677 352 676
345 678 679
680 678 345
149 681 150
681 595 150
453 47 682
422 453 682
683 134 149
683 137 134
149 151 683
683 151 153
684 685 104
686 684 103
103 684 104
687 688 689
690 689 688
443 688 179
691 388 387
387 538 691
691 538 595
692 168 693
693 168 167
167 629 693
693 629 694
695 696 697
698 699 700
644 125 701
701 658 644
701 125 124
701 124 228
600 599 702
685 600 702
685 702 104
702 219 104
703 105 704
472 703 704
472 704 471
471 704 705
362 706 707
12 706 143
708 304 306
708 638 637
708 306 638
708 637 709
304 708 709
710 711 712
710 712 713
713 463 710
710 466 577
710 463 466
714 715 662
716 714 662
717 482 490
480 482 717
480 717 484
718 496 476
718 476 474
474 478 718
40 719 695
39 719 40
719 696 695
720 696 719
699 721 35
36 35 721
698 721 699
698 722 721
723 724 549
75 549 724
76 75 724
76 724 725
392 394 726
91 727 92
728 10 375
728 13 10
354 728 375
288 729 148
654 146 729
146 148 729
85 730 211
211 730 212
84 730 85
212 730 84
214 731 215
731 89 88
731 214 89
88 651 731
731 651 215
732 733 734
733 732 735
736 737 738
738 737 739
210 740 208
576 740 577
740 576 304
741 742 743
742 483 743
606 483 742
744 676 571
676 744 677
575 678 745
680 745 678
746 747 146
147 146 747
424 423 748
433 424 748
95 94 749
206 749 558
749 206 95
750 174 177
73 750 177
750 73 72
175 750 72
174 750 175
751 752 173
751 753 752
171 173 752
159 171 752
754 755 756
754 756 353
757 758 759
347 759 758
760 45 761
760 761 762
760 762 286
126 763 764
764 763 762
762 763 286
128 763 126
763 128 286
765 766 131
765 767 766
766 767 282
131 766 129
282 129 766
768 47 453
624 768 451
451 768 453
49 769 457
769 622 455
455 457 769
416 415 770
757 759 770
770 759 416
430 757 770
430 770 415
411 771 410
755 771 756
771 411 756
771 755 434
434 410 771
772 773 774
773 772 775
775 772 776
776 772 447
446 772 774
446 447 772
777 102 778
566 778 221
566 779 778
280 158 780
158 159 780
752 780 159
780 752 753
308 309 781
308 781 782
782 781 783
49 457 784
784 457 436
436 277 784
777 785 102
540 785 777
785 540 786
785 786 103
102 785 103
399 787 558
399 400 787
558 787 206
206 787 74
787 508 74
400 508 787
788 216 789
539 789 216
789 537 790
789 539 537
791 213 792
793 213 791
791 794 795
791 795 793
738 796 736
796 738 797
734 798 732
798 799 732
800 266 265
775 800 265
266 800 385
233 801 234
234 801 773
802 803 804
804 803 201
203 201 803
805 498 806
807 806 498
808 493 809
810 493 808
811 609 106
811 106 105
141 812 139
659 812 141
659 813 812
53 814 54
715 814 53
814 365 54
365 814 367
714 814 715
714 367 814
815 356 816
62 356 815
63 62 815
817 818 815
815 816 817
819 43 42
819 42 44
817 819 44
816 819 817
640 820 821
820 640 650
650 565 820
326 325 822
822 432 823
433 432 822
279 824 280
824 279 425
280 824 158
804 825 802
802 825 405
825 404 405
406 404 825
83 826 827
83 82 826
636 827 826
826 828 636
356 355 829
829 355 830
356 829 515
829 831 515
78 832 833
832 834 833
659 834 832
659 832 813
835 44 45
444 835 836
723 837 226
837 838 226
839 840 841
839 841 256
256 841 310
416 759 842
842 461 416
842 3 461
843 756 411
411 460 843
843 460 1
844 845 295
783 844 295
845 844 629
844 694 629
844 781 694
781 844 783
188 846 166
164 166 846
847 848 657
657 658 847
78 849 79
78 833 849
833 850 849
833 834 851
850 833 851
851 852 853
853 850 851
854 852 851
834 854 851
855 148 147
711 855 712
148 855 711
547 274 856
856 274 273
188 547 856
846 856 273
856 846 188
764 857 858
764 762 857
859 765 860
859 767 765
640 821 861
821 263 861
642 640 861
263 364 861
364 647 861
637 862 863
864 862 828
636 862 637
828 862 636
865 866 867
865 867 611
96 868 869
96 869 94
99 870 871
871 872 100
99 871 100
390 197 873
197 199 873
430 874 757
875 874 428
874 430 428
755 876 434
823 432 876
876 432 434
877 878 879
80 880 205
880 79 866
80 79 880
880 866 865
205 880 865
555 366 881
366 367 881
881 556 555
881 716 556
881 367 714
714 716 881
882 883 878
883 870 878
884 253 255
884 885 253
884 255 745
745 680 884
251 250 886
886 250 887
251 886 744
744 886 677
211 888 257
793 888 213
211 213 888
596 889 215
539 216 889
215 889 216
692 840 890
890 168 692
170 168 890
891 325 324
373 891 324
891 425 424
528 425 891
373 528 891
892 51 50
892 76 893
892 50 76
863 894 637
186 166 895
165 895 166
896 369 897
370 897 369
896 897 747
897 147 747
898 899 900
899 898 901
902 713 712
370 713 902
855 902 712
855 147 902
897 370 902
147 897 902
715 903 904
715 53 903
55 903 53
30 905 331
29 905 30
906 905 29
331 905 332
906 332 905
330 907 34
32 34 907
32 907 908
330 329 907
908 907 329
118 645 909
909 119 118
645 657 909
848 909 657
122 910 911
910 122 121
912 913 72
175 913 176
913 175 72
914 609 811
914 811 915
254 916 255
574 916 917
917 916 217
916 254 217
252 251 918
570 919 918
218 918 919
218 252 918
920 99 101
202 920 101
203 920 202
921 234 773
775 921 773
921 775 265
922 616 214
216 788 922
216 922 214
620 923 212
792 213 923
923 213 212
924 661 703
924 703 472
662 661 924
662 924 716
556 924 472
556 716 924
289 288 925
288 148 925
148 711 925
830 374 926
926 927 427
427 831 926
829 830 926
829 926 831
16 928 450
16 15 928
928 15 624
450 928 451
928 624 451
456 929 17
929 18 17
622 18 929
455 929 456
929 455 622
864 930 931
864 828 930
930 828 826
82 930 826
932 269 543
932 543 541
932 270 269
932 268 270
441 933 383
439 272 933
441 439 933
489 417 934
489 934 402
401 402 934
401 934 935
936 937 643
938 643 937
235 939 603
939 940 603
237 939 235
237 941 939
942 940 939
942 939 941
943 146 654
943 746 146
580 389 943
746 943 389
654 655 943
655 580 943
583 944 391
391 944 303
505 944 653
583 653 944
906 945 808
810 808 945
806 946 908
806 807 946
122 911 947
947 133 122
948 645 118
948 118 132
948 643 645
948 936 643
540 777 949
540 949 541
232 541 949
233 232 949
37 950 951
950 37 36
952 953 38
953 39 38
650 954 955
650 955 565
564 565 955
956 686 957
958 959 960
958 937 959
937 936 959
238 788 961
238 961 239
788 789 961
790 961 789
243 962 792
962 243 242
792 962 791
962 794 791
963 317 964
720 317 963
964 459 963
458 963 459
963 696 720
963 458 696
965 966 312
965 312 722
448 966 965
448 965 449
698 965 722
449 965 698
101 967 202
967 200 202
967 101 204
967 204 968
593 969 970
152 970 969
152 969 153
592 153 969
592 969 593
161 971 162
463 971 161
971 463 713
123 639 972
124 123 972
972 973 124
972 639 641
973 972 641
124 974 228
974 124 973
229 228 974
975 229 974
976 974 973
975 974 976
293 294 977
293 977 291
931 978 334
978 335 334
335 978 544
546 544 978
979 282 767
979 423 279
979 279 282
138 980 141
137 980 138
141 980 592
980 153 592
980 683 153
683 980 137
981 470 469
647 470 981
647 981 861
981 642 861
982 473 475
608 473 982
112 608 982
481 983 479
983 481 605
605 116 983
224 984 405
984 899 405
899 984 838
838 984 226
224 226 984
985 257 888
888 793 985
986 987 735
573 987 986
574 987 573
987 574 917
733 735 987
987 917 733
739 988 989
988 568 989
988 570 568
988 919 570
737 988 739
737 919 988
990 991 7
6 990 7
79 992 866
866 992 867
867 992 741
849 850 992
79 849 992
248 993 249
195 993 994
195 249 993
246 995 244
193 996 995
995 246 193
417 997 418
652 418 997
489 997 417
692 693 998
693 694 998
781 998 694
998 781 309
836 999 444
999 443 444
688 443 999
690 688 999
280 1000 281
281 1000 283
283 1000 448
753 448 1000
280 780 1000
753 1000 780
46 1001 47
401 935 1001
1001 46 401
682 47 1001
935 682 1001
284 1002 836
285 1002 284
285 459 1002
1002 459 690
999 836 1002
999 1002 690
970 1003 593
182 1003 970
182 59 1003
854 1003 59
1004 786 540
542 1005 1004
1004 540 542
1005 1006 1004
786 1004 1006
284 836 1007
1007 286 284
1007 760 286
760 1007 45
835 1007 836
835 45 1007
911 1008 600
1008 601 600
601 1008 1009
911 910 1008
1008 910 1009
1010 140 139
342 140 1010
342 1010 1011
1012 864 931
1012 294 864
1012 931 334
336 1012 334
1012 977 294
336 977 1012
1013 248 247
1014 1013 247
248 1013 945
810 945 1013
245 244 1015
245 1015 1016
244 946 1015
946 807 1015
686 103 1017
786 1017 103
1006 1017 786
1006 1018 1017
236 958 1019
1019 1020 236
1019 1021 1020
1019 1022 1021
299 571 1023
1 299 1023
676 675 1023
571 676 1023
675 843 1023
1 1023 843
296 1024 575
3 1024 296
679 678 1024
1024 678 575
679 1024 842
3 842 1024
224 403 1025
1025 225 224
403 477 1025
1025 477 225
634 1026 1027
1028 119 1026
847 1027 1026
847 1026 848
1026 909 848
909 1026 119
1029 121 1030
910 1029 1009
1029 910 121
1031 1032 198
1031 198 197
301 1032 1031
301 1031 303
303 1031 391
391 1031 197
1033 379 97
1033 177 207
1033 207 379
580 579 1034
1034 579 790
387 389 1034
580 1034 389
537 387 1034
1034 790 537
1035 582 583
794 582 1035
1035 391 390
583 391 1035
795 1035 390
794 1035 795
164 260 1036
165 164 1036
1036 258 257
1036 260 258
340 342 1037
1011 1037 342
1037 98 378
340 1037 378
1038 1039 1040
1038 1011 1039
1039 1011 1010
1039 1010 139
382 1041 6
1042 1041 381
381 1041 382
1041 990 6
1041 1042 990
1043 1044 1045
1043 1045 1046
1043 87 1044
1043 420 87
1043 1046 421
421 420 1043
1047 1048 1049
1049 1048 1050
86 1048 1047
438 1048 86
1048 437 1050
1048 438 437
361 1051 383
383 1051 441
361 363 1051
1052 900 899
899 838 1052
1052 560 900
560 1052 1053
837 1052 838
837 1053 1052
49 1054 50
276 1054 277
784 1054 49
784 277 1054
123 1055 639
1055 123 603
940 1055 603
649 639 1055
649 1055 940
1056 551 1057
1057 551 552
1057 552 227
1056 1057 229
227 229 1057
199 198 1058
198 1059 1058
199 1058 895
186 895 1058
1060 240 317
1060 317 720
720 719 1060
719 39 1060
1061 312 241
312 1061 722
722 1061 721
721 1061 36
930 1062 931
930 82 1062
1062 978 931
1062 546 978
396 1063 397
1063 1064 397
560 1063 396
560 1053 1063
927 108 1065
1065 108 27
427 927 1065
426 427 1065
1066 363 1067
1067 363 291
1067 977 336
1067 291 977
1068 102 104
219 221 1068
1068 104 219
778 1068 221
778 102 1068
156 1069 335
372 1069 261
1069 156 261
372 337 1069
337 335 1069
209 1070 210
209 169 1070
366 555 1071
1071 185 366
183 185 1071
183 1071 648
646 1071 555
648 1071 646
1072 108 927
1072 377 108
374 377 1072
926 1072 927
926 374 1072
1073 585 586
494 1073 586
588 1074 590
1074 499 590
560 1075 900
560 559 1075
900 1075 898
1075 1076 898
200 1077 665
915 665 1077
968 914 1077
1077 914 915
200 967 1077
1077 967 968
1078 55 231
231 406 1078
55 1078 903
904 903 1078
57 626 1079
57 1079 534
534 1079 536
1027 227 1080
1080 227 552
554 1080 552
25 1081 1082
24 1081 25
1082 1081 671
587 671 1081
1083 1084 22
20 22 1084
673 1084 1083
1084 673 591
41 43 1085
1085 875 428
1085 428 41
43 1086 1085
1086 875 1085
1087 414 70
69 1087 70
414 1087 412
1087 415 412
409 1088 65
1088 66 65
409 408 1088
1088 408 410
85 259 1089
85 1089 86
86 1089 438
1090 1005 467
467 348 1090
1005 1090 1006
1090 1018 1006
26 1091 468
1091 343 468
26 1021 1091
1091 1021 1022
1092 1093 615
1093 89 214
1093 613 615
613 1093 214
619 1094 1095
84 1094 212
618 1094 619
618 212 1094
911 600 1096
1096 600 685
685 1097 1096
947 911 1096
947 1096 1097
1098 227 1027
227 1098 228
1098 701 228
658 701 1098
1098 1027 847
847 658 1098
1099 713 370
162 1099 368
368 1099 370
971 1099 162
971 713 1099
1100 1101 1102
1102 901 1100
1100 879 1101
1100 1076 879
898 1100 901
898 1076 1100
1103 617 951
1103 620 617
1103 1104 620
950 1103 951
1103 950 1104
614 1105 952
616 1105 614
1105 616 1106
952 1105 953
953 1105 1106
804 1107 825
1107 406 825
1078 406 1107
1078 1107 904
681 1108 595
1109 1108 681
691 595 1108
691 1108 388
1110 1111 543
467 1005 1111
467 1111 1110
1111 1005 542
1111 542 543
1112 868 1038
1112 1038 1113
869 1112 882
869 868 1112
883 882 1112
883 1112 1113
1058 1059 1114
186 1058 1114
196 734 1115
196 1115 217
917 217 1115
733 1115 734
917 1115 733
736 192 1116
192 218 1116
919 1116 218
736 1116 737
737 1116 919
117 194 1117
132 117 1117
1117 194 217
254 1117 217
120 1118 191
133 1118 120
191 1118 218
252 218 1118
419 1119 417
422 1119 419
682 1119 422
682 935 1119
1119 934 417
1119 935 934
1120 734 196
196 195 1120
1120 195 994
734 1120 798
1120 994 798
736 1121 192
192 1121 193
193 1121 996
796 1121 736
1121 796 996
83 827 1122
507 83 1122
71 509 1123
1123 72 71
1123 509 1114
1059 1123 1114
418 88 1124
1124 420 418
1124 88 87
87 420 1124
1125 513 801
233 1125 801
591 590 1126
1084 591 1126
20 1084 1126
586 587 1127
587 1081 1127
24 1127 1081
1128 232 234
232 1128 541
932 541 1128
932 1128 268
194 117 1129
1129 117 119
195 194 1129
249 195 1129
191 1130 120
121 120 1130
191 193 1130
246 1130 193
91 93 1131
344 1131 93
1131 344 347
758 1131 347
1131 758 91
392 1132 349
1132 350 349
1132 353 350
1132 754 353
392 754 1132
585 1133 114
116 114 1133
1133 983 116
983 1133 479
585 1073 1133
479 1133 1073
109 1134 588
109 112 1134
1134 112 982
1134 982 475
588 1134 1074
1134 475 1074
314 1135 311
242 311 1135
582 1135 314
582 794 1135
794 962 1135
242 1135 962
316 1136 320
1136 316 239
320 1136 579
790 579 1136
961 790 1136
239 961 1136
1137 723 226
225 1137 226
723 1137 724
724 1137 725
46 48 1138
115 1139 1138
1138 48 115
190 1138 1139
190 46 1138
81 1140 82
545 1140 81
546 1140 545
1140 546 1062
82 1140 1062
1141 205 609
204 1141 968
1141 204 205
914 1141 609
968 1141 914
389 1142 746
389 388 1142
1142 896 747
746 1142 747
1143 309 310
692 1143 840
841 1143 310
1143 841 840
692 998 1143
998 309 1143
1144 58 185
56 58 1144
1144 185 184
56 1144 184
1145 1146 1147
1146 1145 183
1145 184 183
1148 345 346
1148 680 345
1148 346 1149
1148 1149 885
680 1148 884
1148 885 884
351 352 1150
352 677 1150
1151 351 1150
1151 1150 887
886 1150 677
886 887 1150
577 1152 710
710 1152 711
1152 577 740
1152 740 210
274 75 1153
276 274 1153
50 1153 75
1054 276 1153
1054 1153 50
160 1154 163
1154 207 163
1154 379 207
338 1155 333
440 1155 338
362 361 1156
1156 361 384
1156 384 386
1156 386 706
1156 706 362
799 1157 31
31 1157 29
29 1157 994
798 1157 799
798 994 1157
1158 797 33
32 1158 33
1158 32 996
796 797 1158
796 1158 996
487 1159 489
1159 487 597
597 652 1159
652 997 1159
489 1159 997
1160 78 77
77 1161 1160
1160 832 78
813 832 1160
1160 1162 813
1160 1161 1162
852 61 1163
1163 61 1164
1163 853 852
1163 606 853
759 347 1165
1165 345 679
345 1165 347
679 842 1165
759 1165 842
756 1166 353
675 352 1166
352 353 1166
1166 843 675
756 843 1166
1167 743 483
483 484 1167
743 1167 321
321 1167 322
1168 385 144
386 385 1168
143 1168 144
386 1168 706
143 706 1168
1169 369 896
670 1169 1109
670 369 1169
1108 1109 1169
1108 1169 388
1142 1169 896
388 1169 1142
340 378 1170
379 1170 378
1170 660 340
1170 160 660
1170 379 1154
1170 1154 160
703 661 1171
661 665 1171
915 1171 665
1172 237 991
1172 941 237
990 1172 991
990 1042 1172
1173 260 164
529 1173 273
1173 529 260
273 1173 846
846 1173 164
363 1066 1174
1174 440 441
1051 1174 441
1051 363 1174
1174 1066 1155
440 1174 1155
1175 477 403
478 477 1175
403 231 1175
1175 231 230
1176 882 878
1176 878 877
1176 869 882
94 869 1176
954 1177 381
1042 381 1177
1177 954 942
1177 942 941
1042 1177 1172
1177 941 1172
631 496 1178
1178 535 536
1178 536 631
1178 718 535
1178 496 718
1179 490 635
554 553 1179
554 1179 635
553 717 1179
717 490 1179
1180 238 240
1106 238 1180
1106 1180 953
1180 39 953
1060 1180 240
39 1180 1060
241 243 1181
1104 1181 243
1104 950 1181
36 1181 950
1061 241 1181
36 1061 1181
873 199 1182
1182 1183 873
895 1182 199
165 1182 895
323 1184 106
1184 551 1056
323 551 1184
107 1184 1056
107 106 1184
958 236 1185
235 1185 236
602 1185 235
938 1185 602
937 958 1185
937 1185 938
290 1186 526
290 328 1186
180 1186 328
1186 180 527
1186 527 526
1187 81 506
1187 545 81
545 1187 172
172 1187 523
1187 506 523
1146 262 1188
220 1146 1188
567 220 1188
264 1188 262
264 567 1188
912 72 1189
198 1032 1189
1059 198 1189
1123 1189 72
1059 1189 1123
616 1190 1106
1190 788 238
1190 238 1106
788 1190 922
922 1190 616
620 1104 1191
1191 243 792
243 1191 1104
923 1191 792
923 620 1191
112 1192 608
893 1192 111
111 1192 112
1193 605 1139
605 1193 116
1139 115 1193
115 116 1193
1038 1040 1194
1113 1038 1194
1162 1194 1040
1162 1161 1194
958 960 1195
1022 1195 1149
1149 1195 960
1019 958 1195
1019 1195 1022
1196 957 686
1196 1018 1151
1196 1151 957
1017 1196 686
1018 1196 1017
149 134 1197
1109 1197 670
1197 134 670
149 1197 681
681 1197 1109
492 493 1198
1198 493 810
633 492 1198
1014 633 1198
1013 1198 810
1013 1014 1198
497 1199 498
498 1199 807
630 1199 497
630 1016 1199
807 1199 1015
1015 1199 1016
288 290 1200
526 654 1200
526 1200 290
1200 654 729
288 1200 729
1201 557 877
557 1201 559
877 879 1201
1201 879 1076
1201 1075 559
1201 1076 1075
170 1202 169
287 289 1202
1202 170 287
289 1070 1202
169 1202 1070
1203 375 10
1203 376 375
1203 145 376
1204 90 92
831 427 1204
427 90 1204
1204 92 515
1204 515 831
10 12 1205
1205 12 143
145 1205 143
145 1203 1205
10 1205 1203
1206 28 9
7 991 1206
7 1206 9
1207 1206 991
1207 28 1206
142 1208 222
222 1208 223
1208 447 223
596 215 1209
1209 597 596
1209 652 597
652 1209 651
651 1209 215
1095 1210 1047
86 1047 1210
84 86 1210
1094 1210 1095
84 1210 1094
1211 1092 1044
1044 87 1211
1211 87 89
1093 1092 1211
1211 89 1093
562 1212 566
779 566 1212
514 1212 562
513 1212 514
1125 1212 513
779 1212 1125
377 376 1213
561 1213 222
561 377 1213
142 144 1214
1214 144 776
1214 776 447
447 1208 1214
142 1214 1208
1146 1215 262
1215 1146 183
183 648 1215
262 1215 364
1215 648 364
1216 547 188
189 1216 188
547 1216 397
1216 189 397
1217 395 1110
1217 543 269
1110 543 1217
1218 107 1056
1218 1056 229
1218 229 975
482 479 1219
482 1219 491
1219 494 491
1219 1073 494
1219 479 1073
475 476 1220
1220 476 495
495 499 1220
1074 1220 499
475 1220 1074
356 516 1221
356 1221 816
43 1221 1086
516 1086 1221
1221 43 819
1221 819 816
1222 176 532
532 1223 1222
1222 485 176
485 1222 486
1224 723 549
1064 1224 549
723 1224 837
1053 837 1224
1063 1224 1064
1053 1224 1063
777 778 1225
779 1225 778
949 777 1225
233 949 1225
1125 1225 779
233 1225 1125
996 32 1226
908 1226 32
1226 946 244
908 946 1226
995 1226 244
995 996 1226
29 994 1227
1227 906 29
1227 248 945
1227 945 906
248 1227 993
994 993 1227
1228 516 92
92 727 1228
1228 727 875
1228 875 1086
1086 516 1228
1229 557 558
557 1229 877
1229 558 749
749 94 1229
1229 1176 877
94 1176 1229
802 405 1230
405 899 1230
1230 899 901
1107 804 1231
1107 1231 904
1232 634 1027
634 1232 635
1232 554 635
1232 1027 1080
1080 554 1232
632 1233 626
632 631 1233
631 536 1233
1079 626 1233
1233 536 1079
505 504 1234
507 1234 504
1235 469 471
471 705 1235
976 469 1235
976 1235 975
1218 1235 705
975 1235 1218
107 1236 105
704 105 1236
705 704 1236
705 1236 1218
1218 1236 107
845 629 1237
628 1238 1237
628 1237 629
845 1237 894
1238 894 1237
707 1239 362
292 1239 782
782 1239 707
360 1239 292
362 1239 360
1240 140 135
135 137 1240
138 140 1240
137 138 1240
761 1241 762
1241 761 1242
1243 1241 1242
857 1241 1243
857 762 1241
1244 748 423
1245 748 1244
859 1245 1244
859 1244 767
979 1244 423
979 767 1244
385 1246 144
776 144 1246
1246 775 776
800 775 1246
800 1246 385
539 1247 538
594 1247 596
594 538 1247
889 596 1247
1247 539 889
1248 114 113
1248 113 501
1248 501 672
672 584 1248
1248 584 114
109 1249 110
1249 502 110
1249 674 502
1249 589 674
1249 109 589
607 1250 225
608 1250 607
1250 1137 225
725 1137 1250
605 1251 1164
604 606 1251
605 604 1251
606 1163 1251
1251 1163 1164
606 1252 853
853 1252 850
606 742 1252
741 1252 742
992 850 1252
741 992 1252
1253 795 390
795 1253 793
1253 390 873
1253 873 1183
793 1253 985
1253 1183 985
1254 289 925
1254 925 711
289 1254 1070
1254 210 1070
1254 1152 210
1254 711 1152
265 268 1255
921 1255 234
921 265 1255
1128 234 1255
1128 1255 268
1256 601 1009
632 626 1256
1256 626 625
1256 625 601
1029 1256 1009
632 1256 1029
383 1257 266
267 266 1257
1257 272 267
1257 933 272
1257 383 933
142 222 1258
145 142 1258
376 145 1258
1258 222 1213
1213 376 1258
599 1259 1147
1259 599 598
598 184 1259
1147 1259 1145
184 1145 1259
840 518 1260
1260 627 170
518 627 1260
1260 170 890
840 1260 890
1261 269 271
1261 511 395
511 1261 359
359 1261 271
1261 1217 269
1261 395 1217
1262 97 95
1262 178 177
1262 95 178
1262 177 1033
1262 1033 97
300 1263 530
300 302 1263
507 1122 1263
1122 530 1263
507 1263 1234
1234 1263 302
1264 973 641
642 1264 641
976 1264 469
1264 976 973
981 469 1264
642 981 1264
1265 860 67
67 66 1265
66 1245 1265
1265 859 860
1265 1245 859
858 1266 68
69 68 1266
1243 69 1266
857 1266 858
857 1243 1266
163 486 1267
1267 161 163
464 1267 486
1267 464 161
1268 302 303
1268 944 505
1268 303 944
505 1234 1268
302 1268 1234
305 465 1269
1223 305 1269
464 1269 465
464 486 1269
1223 1269 1222
1269 486 1222
445 1270 444
1270 818 817
817 44 1270
44 835 1270
1270 835 444
1270 1271 818
1271 1270 445
1101 1272 99
1272 870 99
1272 878 870
879 1272 1101
879 878 1272
1273 341 136
136 135 1273
339 341 1273
135 339 1273
1274 354 64
64 462 1274
1274 462 13
728 1274 13
354 1274 728
985 1275 257
1183 1275 985
257 1275 1036
1275 165 1036
1182 1275 1183
1182 165 1275
970 152 1276
182 970 1276
1276 402 182
488 402 1276
488 1276 152
685 1277 1097
1277 684 686
1277 685 684
956 1277 686
956 1097 1277
77 1278 872
1278 77 80
100 872 1278
1278 80 100
1279 1102 203
1102 1279 901
803 1279 203
1279 803 802
1279 1230 901
1279 802 1230
1280 875 727
727 91 1280
757 1280 758
1280 91 758
757 874 1280
875 1280 874
823 1281 726
1281 392 726
754 1281 755
754 392 1281
1281 876 755
876 1281 823
358 357 1282
440 1282 357
440 338 1282
1101 99 1283
1101 1283 1102
1102 1283 203
203 1283 920
1283 99 920
372 358 1284
1284 337 372
1284 338 337
1282 338 1284
1282 1284 358
395 1285 1110
1285 393 349
395 393 1285
467 1285 349
1285 467 1110
1286 250 1287
1287 250 252
252 1118 1287
1118 133 1287
253 1288 1289
1289 254 253
254 1289 1117
132 1117 1289
1147 1146 1290
220 1290 1146
219 1290 220
329 1291 908
20 1291 329
805 806 1291
806 908 1291
1291 1126 805
1126 1291 20
332 906 1292
1292 24 332
1292 808 809
906 808 1292
809 1127 1292
1127 24 1292
1293 1064 549
1293 547 397
1293 397 1064
548 547 1293
548 1293 549
1294 1139 605
605 1164 1294
61 1294 1164
1294 190 1139
190 1294 61
48 47 1295
624 623 1295
48 1295 623
1295 47 768
768 624 1295
49 51 1296
1296 621 622
1296 51 621
769 49 1296
1296 622 769
761 45 1297
41 1297 42
42 1297 45
761 1297 1242
1242 1297 41
1298 783 295
292 1298 293
293 1298 295
292 782 1298
782 783 1298
1028 1299 119
1028 247 1299
1299 247 249
1299 249 1129
1299 1129 119
1030 121 1300
245 1030 1300
246 245 1300
246 1300 1130
1300 121 1130
1301 96 98
1301 868 96
1038 1301 1011
1038 868 1301
1037 1301 98
1011 1301 1037
570 1302 571
1302 251 744
744 571 1302
251 1302 918
1302 570 918
1303 574 575
1303 745 255
745 1303 575
1303 255 916
1303 916 574
1304 424 433
325 1304 822
433 822 1304
325 891 1304
891 424 1304
1305 839 256
63 1305 256
839 1305 517
1305 1306 517
550 1307 553
1307 550 322
553 1307 717
1307 484 717
484 1307 1167
322 1167 1307
1308 562 564
380 1308 564
1308 380 512
562 1308 514
512 514 1308
26 1309 27
1309 26 468
1309 468 426
426 1065 1309
1065 27 1309
317 1310 964
1310 317 318
1310 318 689
1311 312 966
1311 313 312
313 1311 751
1097 1312 947
947 1312 133
956 1286 1312
956 1312 1097
1312 1286 1287
1312 1287 133
948 1313 936
948 132 1313
959 1313 1288
936 1313 959
1289 1288 1313
1289 1313 132
773 1314 774
1314 512 774
512 1314 513
801 513 1314
801 1314 773
205 1315 609
1315 610 609
610 1315 611
1315 865 611
1315 205 865
893 111 1316
51 1316 621
111 621 1316
893 1316 892
51 892 1316
741 743 1317
743 321 1317
611 1317 321
611 867 1317
867 741 1317
893 76 1318
76 725 1318
1192 893 1318
1192 1318 608
1250 1318 725
1250 608 1318
1319 442 181
445 442 1319
1319 181 517
1319 517 1306
1271 445 1319
1306 1271 1319
840 839 1320
518 840 1320
517 1320 839
518 1320 517
753 751 1321
1321 966 448
1321 448 753
966 1321 1311
1321 751 1311
1322 689 690
459 964 1322
690 459 1322
964 1310 1322
1310 689 1322
253 1323 1288
1323 253 885
1323 885 1149
1149 960 1323
1323 959 1288
960 959 1323
250 1286 1324
250 1324 887
1324 1151 887
1324 957 1151
956 1324 1286
1324 956 957
154 1325 155
155 1325 159
1325 171 159
1326 533 535
533 1326 230
1326 535 718
478 1326 718
478 1175 1326
1175 230 1326
751 173 1327
751 1327 313
1327 315 313
1327 173 523
1327 523 315
1328 687 689
318 1328 689
318 319 1328
1328 527 687
319 527 1328
804 201 1329
200 1329 201
1329 200 663
663 664 1329
1231 804 1329
1329 664 1231
1330 304 709
1330 208 740
1330 740 304
11 308 1331
308 782 1331
707 1331 782
872 1332 77
1332 1161 77
1113 1194 1332
1332 1194 1161
564 1333 380
1333 954 381
1333 381 380
955 954 1333
955 1333 564
1334 864 294
295 1334 294
862 1334 863
864 1334 862
954 650 1335
1335 649 940
650 649 1335
954 1335 942
1335 940 942
344 1336 346
343 1336 344
346 1336 1149
1149 1336 1022
1022 1336 1091
1091 1336 343
350 351 1337
348 350 1337
1337 351 1151
1151 1018 1337
1090 1337 1018
1090 348 1337
1338 336 333
1338 1066 1067
1338 1067 336
1338 1155 1066
1338 333 1155
599 1147 1339
599 1339 702
1339 219 702
1147 1290 1339
219 1339 1290
1340 247 1028
1014 247 1340
1014 1340 633
1340 634 633
1026 1340 1028
634 1340 1026
1341 1030 245
1341 245 1016
630 1341 1016
1341 630 632
1030 1341 1029
1029 1341 632
90 1342 93
90 426 1342
93 1342 468
426 468 1342
709 637 1343
1343 637 894
1238 1343 894
66 1344 431
431 1344 434
434 1344 410
1344 1088 410
1088 1344 66
69 429 1345
430 1345 429
415 1345 430
1345 415 1087
1087 69 1345
1346 221 220
1346 220 567
221 1346 566
1346 567 566
1347 12 11
12 1347 706
706 1347 707
707 1347 1331
1331 1347 11
1020 1348 236
991 237 1348
237 236 1348
991 1348 1207
1020 1207 1348
1349 105 703
1349 811 105
1349 915 811
1349 1171 915
703 1171 1349
179 1350 180
527 1350 687
1350 527 180
688 687 1350
688 1350 179
1351 1223 532
305 1351 306
305 1223 1351
1351 531 306
1351 532 531
1352 394 395
1352 395 511
1352 510 394
510 1352 511
152 1353 487
1353 151 150
1353 152 151
1353 597 487
150 597 1353
1354 1046 669
1046 1354 421
422 421 1354
668 1354 669
422 1354 668
1355 667 1050
1050 437 1355
436 1355 437
666 667 1355
1355 436 666
1356 638 306
306 530 1356
1356 827 636
638 1356 636
827 1356 1122
530 1122 1356
171 1357 172
154 545 1357
172 1357 545
154 1357 1325
171 1325 1357
1358 187 186
509 656 1358
187 1358 656
509 1358 1114
1358 186 1114
1359 263 821
264 263 1359
264 1359 565
821 820 1359
1359 820 565
871 1360 872
870 1360 871
883 1360 870
883 1113 1360
872 1360 1332
1360 1113 1332
1361 628 208
628 1361 1238
1330 1361 208
1361 1330 709
1238 1361 1343
709 1343 1361
1362 532 176
1362 176 913
1362 913 1363
815 818 1364
63 815 1364
818 1271 1364
1306 1364 1271
63 1364 1305
1306 1305 1364
1365 300 532
301 300 1365
301 1365 1363
1365 1362 1363
532 1362 1365
295 845 1366
1366 845 894
863 1366 894
1366 863 1334
1366 1334 295
1367 394 326
1367 726 394
1367 823 726
822 823 1367
326 822 1367
503 1368 1083
503 502 1368
502 674 1368
1083 1368 673
674 673 1368
1369 500 1082
1369 501 500
1369 672 501
1369 1082 671
671 672 1369
26 28 1370
26 1370 1021
1370 1020 1021
1020 1370 1207
1370 28 1207
697 1371 519
1371 520 519
1371 458 520
697 696 1371
458 1371 696
522 1372 700
521 1372 522
449 1372 521
700 1372 698
1372 449 698
644 1373 125
602 125 1373
1373 938 602
1373 644 643
1373 643 938
834 1374 854
659 1374 834
659 593 1374
593 1003 1374
854 1374 1003
904 1375 715
662 715 1375
662 1375 664
1375 1231 664
904 1231 1375
1376 431 433
1376 66 431
66 1376 1245
1245 1376 748
433 748 1376
41 429 1377
1377 429 69
1377 69 1243
1242 1377 1243
1242 41 1377
382 1378 380
512 1378 774
512 380 1378
774 1378 446
1378 382 446
1379 494 586
1379 809 493
493 494 1379
809 1379 1127
1127 1379 586
590 499 1380
805 1380 498
499 498 1380
805 1126 1380
1126 590 1380
852 1381 61
61 1381 59
852 854 1381
1381 854 59
354 375 1382
1382 375 374
1382 374 830
1382 830 355
354 1382 355
157 158 1383
157 1383 528
1383 425 528
824 425 1383
1383 158 824
1032 301 1384
1384 301 1363
1384 1363 913
1384 913 912
1032 1384 1189
1384 912 1189
278 1385 259
435 1385 278
438 1385 435
438 1089 1385
1089 259 1385
812 813 1386
1386 139 812
1039 1386 1040
1386 1039 139
1386 1162 1040
1386 813 1162
14 16 1387
40 695 1388
1389 331 23
1390 1092 615
1391 1392 1393
1394 1395 1396
1397 1390 1398
5 1399 413
799 1400 732
1401 127 126
1402 1403 1404
1403 1405 1404
1405 1406 1404
1406 1407 1404
1408 1403 1402
1408 1409 1403
1410 1411 1395
1410 1395 1409
1410 1409 1408
1410 1408 1412
1413 1414 1415
1414 1416 1415
1405 1403 1417
1417 1403 1409
1402 1414 1418
1413 1418 1414
1418 1413 1419
1412 1418 1419
1402 1418 1408
1408 1418 1412
1046 1420 669
1402 1421 1414
1421 1416 1414
1402 1404 1421
1404 1407 1421
1407 1422 1421
1422 1416 1421
1423 25 1082
952 1424 614
1425 1426 1427
1427 1426 1415
1427 1415 1416
1399 1428 1429
1430 1399 1429
1413 1431 1432
1433 1432 1434
1433 1419 1432
1419 1413 1432
1435 1436 1411
1435 1411 1410
1412 1435 1410
1437 1433 1438
1439 1407 1440
1441 1439 1442
1441 1422 1439
1422 1407 1439
1443 1411 1436
1443 1436 1444
1401 1445 1443
1401 1443 1444
1400 1446 1447
1400 1448 1446
1446 1449 1450
1448 1449 1446
1442 1451 1441
1451 1442 1452
1451 1423 1453
1451 1452 1423
1434 1454 1433
1454 1434 1455
1424 1456 1454
1455 1424 1454
1433 1454 1438
1454 1456 1438
1392 1457 1393
1458 1457 1392
1447 1457 1458
1459 1396 1395
1459 1460 1396
1459 1445 1460
1461 1462 1441
1461 1463 1462
1441 1451 1461
1451 1453 1461
1426 1425 1464
1425 1465 1464
1465 1420 1464
1464 1420 1466
1464 1467 1426
1464 1466 1467
4 1468 5
1468 1399 5
1428 1399 1468
413 1469 414
1399 1469 413
1399 1430 1469
614 1470 615
615 1470 1390
1455 1390 1470
1470 614 1424
1470 1424 1455
1471 23 25
23 1471 1389
1471 1452 1389
1423 1471 25
1471 1423 1452
1472 38 40
1388 1472 40
1456 1472 1388
1473 500 14
1473 14 1387
1453 1473 1387
669 1474 452
1475 1474 1465
669 1420 1474
1465 1474 1420
735 1476 986
986 1476 1458
1447 1458 1476
1477 764 858
1477 858 1460
1445 1477 1460
1478 1392 1479
1428 1478 1479
1392 1391 1479
1396 1480 1481
1480 1430 1481
1394 1396 1481
1482 799 31
1482 1400 799
1482 1448 1400
127 1483 519
1401 1483 127
1401 1444 1483
1045 1484 1046
1484 1420 1046
1484 1466 1420
1409 1395 1485
1394 1486 1485
1395 1394 1485
1485 1486 1417
1485 1417 1409
1487 16 450
1487 1387 16
1463 1387 1487
1475 1463 1487
1488 573 986
573 1488 297
1488 986 1458
1458 1392 1488
297 1488 1478
1392 1478 1488
70 1489 68
68 1489 858
858 1489 1460
1396 1460 1489
1480 1489 70
1480 1396 1489
1490 1387 1463
1387 1490 1453
1461 1490 1463
1461 1453 1490
1491 695 697
695 1491 1388
1388 1491 1492
1491 697 1493
1491 1493 1492
1388 1492 1494
1456 1388 1494
1492 1438 1494
1438 1456 1494
1495 1496 1389
1495 1389 1452
1495 1452 1442
1398 1390 1497
1390 1455 1497
1497 1455 1434
331 1498 30
1389 1498 331
1498 1389 1496
1498 1499 30
1498 1496 1499
1397 1398 1500
1466 1397 1500
1467 1500 1398
1467 1466 1500
414 1501 70
70 1501 1480
1430 1480 1501
1469 1501 414
1430 1501 1469
297 1502 4
1478 1502 297
1478 1428 1502
4 1502 1468
1468 1502 1428
1391 1486 1503
1486 1429 1503
1428 1503 1429
1503 1428 1479
1503 1479 1391
1486 1394 1504
1486 1504 1429
1504 1430 1429
1481 1430 1504
1394 1481 1504
1505 1499 1496
1505 1448 1499
1505 1496 1449
1505 1449 1448
1405 1506 1393
1486 1391 1506
1393 1506 1391
1417 1486 1506
1417 1506 1405
1092 1507 1044
1390 1507 1092
1044 1507 1397
1390 1397 1507
1508 1492 1493
1444 1508 1493
1508 1444 1436
1463 1475 1509
1475 1465 1509
1465 1425 1509
732 1510 735
732 1400 1510
1510 1400 1447
735 1510 1476
1476 1510 1447
1511 126 764
1511 1401 126
1511 1445 1401
1511 764 1477
1511 1477 1445
1437 1512 1435
1512 1436 1435
1438 1492 1512
1438 1512 1437
1512 1492 1508
1512 1508 1436
1044 1513 1045
1397 1513 1044
1513 1397 1466
1045 1513 1484
1484 1513 1466
1462 1463 1514
1514 1427 1462
1425 1427 1514
1509 1514 1463
1425 1514 1509
1440 1407 1515
1407 1406 1515
1450 1449 1515
1449 1440 1515
1516 1449 1496
1440 1449 1516
1439 1440 1516
1442 1439 1516
1516 1496 1495
1516 1495 1442
1467 1398 1517
1467 1517 1431
1432 1431 1517
1434 1432 1517
1517 1398 1497
1434 1517 1497
1431 1413 1518
1426 1518 1415
1415 1518 1413
1467 1518 1426
1431 1518 1467
1519 1395 1411
1519 1411 1443
1445 1519 1443
1519 1445 1459
1519 1459 1395
1520 1446 1450
1447 1446 1520
1447 1520 1457
1520 1393 1457
1393 1521 1405
1405 1521 1406
1521 1450 1515
1521 1515 1406
1521 1520 1450
1520 1521 1393
1522 1441 1462
1441 1522 1422
1522 1416 1422
1416 1522 1427
1427 1522 1462
30 1523 31
1499 1523 30
1499 1448 1523
31 1523 1482
1448 1482 1523
519 1524 697
697 1524 1493
1493 1524 1444
1483 1524 519
1483 1444 1524
1433 1437 1525
1419 1433 1525
1412 1419 1525
1435 1412 1525
1437 1435 1525
500 1526 1082
1082 1526 1423
1453 1423 1526
500 1473 1526
1526 1473 1453
38 1527 952
952 1527 1424
1424 1527 1456
1472 1527 38
1472 1456 1527
1528 450 452
1474 1528 452
1475 1528 1474
450 1528 1487
1528 1475 1487
1529 17 19
699 35 1530
330 1531 21
619 1095 1532
1533 1534 1535
1536 1537 1538
1539 1540 1532
1541 2 407
738 1542 797
131 130 1543
1544 1545 1546
1546 1545 1547
1548 1547 1545
1549 1548 1545
1546 1550 1544
1546 1551 1550
1538 1552 1553
1551 1538 1553
1553 1550 1551
1553 1554 1550
1555 1556 1557
1558 1556 1555
1559 1546 1547
1559 1551 1546
1560 1556 1544
1557 1556 1560
1561 1557 1560
1561 1560 1554
1544 1550 1560
1550 1554 1560
667 1562 1050
1544 1556 1563
1558 1563 1556
1545 1544 1563
1549 1545 1563
1564 1549 1563
1558 1564 1563
22 1565 1083
617 1566 951
1567 1568 1569
1568 1555 1569
1568 1558 1555
1541 1570 1571
1541 1572 1570
1573 1557 1574
1575 1574 1576
1574 1561 1576
1574 1557 1561
1577 1578 1552
1578 1553 1552
1578 1554 1553
1579 1580 1576
1581 1582 1549
1583 1584 1581
1564 1583 1581
1549 1564 1581
1585 1577 1552
1586 1577 1585
1587 1543 1585
1543 1586 1585
1588 1542 1589
1588 1590 1542
1591 1592 1588
1590 1588 1592
1593 1584 1583
1593 1594 1584
1593 1595 1565
1594 1593 1565
1596 1575 1576
1596 1597 1575
1566 1596 1598
1566 1597 1596
1576 1580 1596
1580 1598 1596
1534 1533 1599
1600 1534 1599
1589 1600 1599
1538 1537 1601
1537 1602 1601
1602 1587 1601
1603 1583 1604
1605 1603 1604
1593 1583 1603
1595 1593 1603
1569 1606 1567
1607 1567 1606
1607 1606 1562
1562 1606 1608
1606 1569 1609
1606 1609 1608
2 1610 0
1541 1610 2
1610 1541 1571
1611 407 409
407 1611 1541
1611 1572 1541
1612 617 619
1532 1612 619
1612 1532 1597
617 1612 1566
1612 1597 1566
21 1613 22
1531 1613 21
1531 1594 1613
22 1613 1565
1594 1565 1613
37 1614 35
35 1614 1530
1598 1530 1614
503 1615 19
19 1615 1529
1595 1529 1615
454 1616 667
1617 1607 1616
1616 1562 667
1616 1607 1562
1618 739 989
1600 1618 989
1618 1600 1589
765 1619 860
860 1619 1602
1587 1602 1619
1620 1621 1534
1621 1620 1571
1535 1534 1621
1622 1623 1537
1622 1572 1623
1622 1537 1536
797 1624 33
797 1542 1624
1624 1542 1590
522 1625 130
1625 1543 130
1625 1586 1543
1626 1049 1050
1050 1562 1626
1608 1626 1562
1551 1627 1538
1628 1536 1627
1536 1538 1627
1559 1628 1627
1559 1627 1551
1629 456 17
1529 1629 17
1529 1605 1629
1617 1629 1605
568 1630 989
1630 568 298
989 1630 1600
1630 1534 1600
1630 298 1620
1534 1630 1620
67 1631 65
860 1631 67
1602 1631 860
1602 1537 1631
1631 1623 65
1537 1623 1631
1632 1605 1529
1595 1632 1529
1605 1632 1603
1632 1595 1603
699 1633 700
1530 1633 699
1530 1634 1633
700 1633 1635
1634 1635 1633
1530 1636 1634
1636 1530 1598
1634 1636 1580
1636 1598 1580
1531 1637 1638
1594 1531 1638
1584 1594 1638
1639 1532 1540
1639 1597 1532
1639 1575 1597
34 1640 330
330 1640 1531
1637 1531 1640
34 1641 1640
1640 1641 1637
1642 1540 1539
1642 1539 1608
1540 1642 1609
1642 1608 1609
1643 409 65
1623 1643 65
1572 1643 1623
1643 1611 409
1611 1643 1572
0 1644 298
1620 298 1644
1644 1571 1620
0 1610 1644
1610 1571 1644
1535 1645 1628
1570 1628 1645
1570 1645 1571
1645 1621 1571
1535 1621 1645
1628 1646 1536
1570 1646 1628
1572 1646 1570
1572 1622 1646
1646 1622 1536
1647 1637 1641
1590 1647 1641
1647 1592 1637
1590 1592 1647
1547 1533 1648
1535 1628 1648
1648 1533 1535
1628 1559 1648
1559 1547 1648
1047 1649 1095
1649 1532 1095
1649 1047 1539
1649 1539 1532
1634 1650 1635
1635 1650 1586
1586 1650 1577
1617 1605 1651
1617 1651 1607
1567 1607 1651
1652 738 739
738 1652 1542
1542 1652 1589
1618 1652 739
1652 1618 1589
131 1653 765
131 1543 1653
1653 1543 1587
1653 1619 765
1587 1619 1653
1654 1579 1578
1578 1577 1654
1580 1654 1634
1580 1579 1654
1654 1650 1634
1654 1577 1650
1655 1047 1049
1047 1655 1539
1608 1539 1655
1626 1655 1049
1626 1608 1655
1656 1605 1604
1568 1656 1604
1567 1656 1568
1651 1605 1656
1567 1651 1656
1582 1657 1549
1548 1549 1657
1591 1657 1592
1657 1582 1592
1658 1637 1592
1582 1658 1592
1582 1581 1658
1584 1658 1581
1637 1658 1638
1658 1584 1638
1609 1659 1540
1573 1659 1609
1659 1573 1574
1659 1574 1575
1639 1540 1659
1575 1639 1659
1557 1573 1660
1555 1660 1569
1557 1660 1555
1609 1569 1660
1609 1660 1573
1552 1538 1661
1552 1661 1585
1661 1587 1585
1601 1587 1661
1601 1661 1538
1591 1588 1662
1588 1589 1662
1662 1589 1599
1662 1599 1533
1533 1547 1663
1547 1548 1663
1657 1591 1663
1548 1657 1663
1662 1663 1591
1662 1533 1663
1604 1583 1664
1664 1583 1564
1558 1664 1564
1664 1558 1568
1664 1568 1604
33 1665 34
1665 1641 34
1590 1641 1665
33 1624 1665
1590 1665 1624
700 1666 522
700 1635 1666
1666 1635 1586
522 1666 1625
1625 1666 1586
1576 1667 1579
1667 1576 1561
1554 1667 1561
1578 1667 1554
1667 1578 1579
1668 503 1083
1668 1083 1565
1595 1668 1565
1668 1615 503
1668 1595 1615
951 1669 37
1566 1669 951
1669 1566 1598
37 1669 1614
1614 1669 1598
456 1670 454
1670 1616 454
1670 1617 1616
1629 1670 456
1670 1629 1617
