// ================================================================================
// CHRONO WORKBENCH - github.com/Concrete-Chrono-Development/chrono-preprocessor
//
// Copyright (c) 2023 
// All rights reserved. 
//
// Use of the code that generated this file is governed by a BSD-style license that
// can be found in the LICENSE file at the top level of the distribution and at
// github.com/Concrete-Chrono-Development/chrono-preprocessor/blob/main/LICENSE
//
// ================================================================================
// Face Facet Data File
// ================================================================================
//
// Data Structure:
// n x1 y1 z1 x2 y2 z2 x3 y3 z3
// One line per face facet, first number is the tet node index
// Note: All indices are zero-indexed
//
// ================================================================================
35.35533905 35.35533905 200
33.03005219 37.5368576 192.9765472
29.38926315 40.45085144 200
33.03005219 37.5368576 7.023454666
35.35533905 35.35533905 0
29.38926315 40.45085144 0
33.72148514 36.91695404 83.83243561
34.35578918 36.32739639 74.86618042
28.51255035 41.07352448 78.11244965
29.71149254 40.21476364 68.82004547
-0.2476722896 49.99938583 81.77710724
-7.869939804 49.37675476 86.54174805
-0.1258019954 49.9998436 91.35363007
-8.025485992 49.35171127 77.39784241
7.821723461 -49.38441849 0
3.925405502 -49.84567261 8.212080956
-9.800238962e-14 -50 0
-9.800238962e-14 -50 200
3.925405502 -49.84567261 191.7879181
7.821723461 -49.38441849 200
34.2918396 -36.38777161 192.5644531
35.35533905 -35.35533905 200
29.38926315 -40.45085144 200
35.35533905 -35.35533905 0
34.2918396 -36.38777161 7.43555212
29.38926315 -40.45085144 0
33.36746979 37.23723602 54.06218719
28.68413544 40.95388031 59.81374741
33.95640182 36.70099258 62.79570007
45.68366623 -20.32246971 7.7661376
44.5503273 -22.69952583 0
47.55282593 -15.45084953 0
45.68366623 -20.32246971 192.2338562
47.55282593 -15.45084953 200
44.5503273 -22.69952583 200
-47.55282593 15.45084953 200
-48.49026489 12.19403076 193.6794891
-49.38441849 7.821723461 200
-49.38441849 7.821723461 0
-48.49026489 12.19403076 6.320516109
-47.55282593 15.45084953 0
-2.795681477 49.92177963 23.57432556
-9.790583611 49.03207779 28.08042526
-3.443206787 49.88130188 33.84050751
-15.91788101 47.39853287 33.44952011
-15.66562843 47.48250198 23.93107986
-10.31439972 -48.92456436 28.27015114
-12.93456364 -48.29800415 19.67504501
-2.828775883 -49.91991425 23.03795624
-13.24228668 -48.21453857 180.2355499
-10.84383297 -48.80995178 171.6589203
-5.639810085 -49.6809082 177.2479401
37.74599457 -32.79084778 134.1182861
34.86912918 -35.83495331 125.4751053
40.69081879 -29.05610275 128.1299133
31.05375099 -39.18755722 132.9665833
47.9466629 -14.18158531 136.2206726
45.01827621 -21.7567215 139.6413727
45.42814255 -20.88741302 129.824646
-15.53194332 -47.52640152 46.9278717
-13.50326729 -48.14210129 36.38611603
-8.195648193 -49.32374191 42.58065033
-9.463729858 49.09621048 55.9646759
-16.51091385 47.19522858 56.92065048
-10.01506519 48.98671722 64.13478088
7.821723461 49.38441849 200
4.088485241 49.83256149 192.0456696
3.061515885e-15 50 200
3.061515885e-15 50 0
4.088485241 49.83256149 7.95432663
7.821723461 49.38441849 0
-41.61281967 -27.71954727 128.2670288
-46.47953415 -18.42967415 125.9663162
-42.2960434 -26.66542053 120.2849274
-38.11397934 -32.36239624 122.4761505
-14.10719681 -47.96860504 163.6828003
-5.662406921 -49.6783371 163.3161774
-5.53560257 -49.69262695 80.93553925
-6.98118782 -49.51023102 72.25080109
1.404513955 -49.98027039 74.11422729
3.027903557 -49.90823364 82.95974731
-41.50521469 27.88040733 140.5663452
-39.4199295 30.75823593 132.7701569
-44.13360214 23.49946976 133.6648865
-43.81603622 -24.08640289 190.6394348
-41.84227371 -27.37195587 182.8652344
-40.12380981 -29.83420944 191.3192902
-40.13772202 -29.81548691 8.660612106
-42.10616684 -26.96424675 16.77007866
-43.82006454 -24.07907867 9.352448463
20.37201118 45.66159439 44.9742775
19.46163368 46.0569725 35.22372437
11.57545376 48.64163589 42.20700455
26.97792435 42.09740448 40.72654343
-29.63495445 -40.27119827 108.0961914
-34.96826935 -35.7382164 109.1806183
-31.14198303 -39.1174736 101.2784271
-38.64877701 -31.72179031 102.7494888
-36.28491211 -34.40065765 95.16609955
-1.236899137 -49.98469925 101.5302963
-0.3406568468 -49.99884033 91.13221741
6.526554585 -49.57221222 96.26455688
45.08230591 21.62373352 130.9213104
44.88343811 22.03354073 139.673172
48.09411621 13.67318058 136.6494446
34.56926346 -36.12431335 84.61663055
30.48808289 -39.62924194 77.29522705
36.07226181 -34.62357712 76.36412048
22.28014755 44.76153564 66.51551819
14.73139095 -47.78060532 178.579895
6.707849026 -49.54800415 183.5393829
6.297931194 -49.60177612 174.9237823
12.88845634 -48.31032562 170.4600525
6.707849026 -49.54800415 16.46061897
14.9883604 -47.70061874 21.74184036
5.058469296 -49.74346161 24.80060387
12.88845634 -48.31032562 29.53994942
50 -1.224646757e-14 32
50 -1.224646757e-14 40
49.43504715 -7.495075703 36
50 -1.224646757e-14 168
49.43504715 -7.495075703 164
50 -1.224646757e-14 160
50 -1.224646757e-14 72
49.30268097 -8.321387291 70.41101837
50 -1.224646757e-14 64
-22.69952583 44.5503273 0
-29.38926315 40.45085144 0
-28.75108528 40.90690613 8.307881355
-28.75108528 40.90690613 191.6921234
-29.38926315 40.45085144 200
-22.69952583 44.5503273 200
49.68074417 5.641239643 35.85933685
49.68074417 5.641239643 164.1406555
-43.11297226 -25.32334518 63.39522552
-41.53145981 -27.84129906 70.82311249
-45.57361984 -20.56805992 70.33399963
-38.54848099 -31.8435936 64.13719177
-33.21339417 -37.37472916 67.37010956
-30.44233894 -39.66439056 74.38772583
-36.15645981 -34.53564072 75.18578339
-26.94298935 -42.11977386 64.60176849
16.10953712 47.33373642 89.37892914
6.940397739 49.51596451 92.75078583
14.59614563 47.82209396 97.97840118
9.361226082 49.11585617 84.76600647
-49.53676224 6.790379524 61.72221375
-49.97768021 1.493859529 68.61394501
-48.55852509 11.91930103 68.66781616
-42.21419907 -26.79480362 54.33673477
-42.40496826 -26.49185944 44.4369545
-37.7936554 -32.73590851 49.21678543
-32.48372269 -38.01062775 46.13327789
-33.99380493 -36.66635132 54.54573822
-32.47240067 38.020298 150.0767517
-28.73884392 40.91550827 156.9258881
-26.02898788 42.69065094 149.974472
-22.40096283 44.70119476 159.4858551
-26.19650269 42.5880661 166.0457153
-32.71861267 37.80862808 163.5392151
-47.17079544 -16.58059502 93.74170685
-48.90762329 -10.3944397 94.04890442
-47.84995651 -14.50454044 85.09208679
-48.37358093 -12.64898396 102.0318527
-39.85753632 -30.18901634 161.958847
-42.89138031 -25.69687653 157.9120789
-39.29592133 -30.91650772 153.2924652
-37.33298111 33.26031494 86.31789398
-35.03345108 35.67432022 78.95352173
-39.48801041 30.670784 78.82001495
-37.71821213 32.82280731 71.58737946
-36.90634155 33.73310089 157.744751
-39.55993652 30.57795525 151.2720032
-40.68680573 29.06172371 160.8961945
-47.4223175 -15.84688663 111.7408524
-47.80713654 -14.64505672 119.871376
-49.49634171 -7.078997135 117.1366959
-43.07318878 -25.39095116 111.4193497
-38.6623497 -31.70524597 114.292778
-35.79445267 34.91070175 43.3115387
-39.78938675 30.27878189 49.14754868
-33.68877411 36.94680786 49.73801041
-21.10483742 -45.32754135 40.85684967
49.31538773 -8.245749474 118.8693771
49.13402557 -9.265402794 128.3850861
47.4427948 -15.78547192 121.9386368
-42.0297699 -27.08317375 145.5340729
-37.02528763 -33.60250092 145.7456207
-32.60609818 -37.9057045 151.1906891
-31.66809654 -38.69278717 142.1353912
-6.169672966 -49.6178894 34.64952469
50 -1.224646757e-14 176
50 -1.224646757e-14 184
49.39003754 -7.786153793 181.345047
50 -1.224646757e-14 24
49.39003754 -7.786153793 18.65494728
50 -1.224646757e-14 16
-49.22639465 -8.76139164 147.5528259
-48.12085342 -13.57878971 141.7438812
-47.15824127 -16.61626625 148.5173035
19.37167168 -46.09488297 102.8256149
13.90777493 -48.02680206 109.6482391
12.87649345 -48.31351852 102.6786423
7.356532097 -49.45585251 109.5061646
9.505378723 -49.08816147 88.69270325
12.74421692 -48.34857559 80.40293121
-33.73258972 -36.90680695 117.2938919
-45.57640839 -20.56188202 105.4297333
-44.61909103 22.56406021 93.68349457
-42.00826263 27.11652756 87.99160004
-45.68792343 20.31289482 84.93521118
-45.90188599 -19.82465172 177.1109619
-47.53119278 -15.51726913 186.3581848
-48.44831085 -12.35965824 178.9486389
-47.53119278 -15.51726913 13.64181137
-45.56911087 -20.57804871 23.41197968
-48.44831085 -12.35965824 21.05135918
49.40790939 7.671939373 18.81511497
49.40790939 7.671939373 181.1848907
49.18319702 9.000724792 128.9217377
49.32317734 8.199025154 119.9226227
47.49272919 15.63459587 122.9372711
20.21045303 45.73332977 82.58633423
26.5385704 42.3757515 85.92927551
10.37570286 -48.91160202 140.1264954
7.925037384 -49.36794281 149.4261017
0.9928119183 -49.99014282 143.9597168
45.04614639 -21.69895935 60.4333992
47.49822617 -15.61789513 66.43389893
44.69207001 -22.41916084 69.27125549
29.82185936 -40.13298798 141.3044434
23.59854889 -44.08070374 135.8135986
31.89096642 38.50930023 126.0105133
36.07613373 34.61953735 120.9730148
30.02254105 39.98308563 118.7027512
47.53616333 15.50203323 66.71577454
45.25722885 21.2551918 60.52748489
44.84341431 22.11488533 68.87133026
-49.893116 3.26757431 19.26243973
-49.38194275 7.83731842 25.66119576
-48.93460464 10.26667595 19.34900284
-48.93460464 10.26667595 180.651001
-49.38194275 7.83731842 174.3388062
-49.893116 3.26757431 180.7375641
46.30028534 -18.87547874 179.2151489
46.55663681 -18.23402023 170.8395691
48.27506638 -13.01991272 174.2531128
46.55663681 -18.23402023 29.16043854
46.30028534 -18.87547874 20.78485298
48.27506638 -13.01991272 25.74689102
46.54972076 18.25166702 170.7142944
45.9503212 19.7121315 178.9450836
48.44659042 12.36640358 174.0762024
46.54972076 18.25166702 29.28570366
48.44659042 12.36640358 25.92380333
45.9503212 19.7121315 21.05491257
-17.68304634 46.76868439 64.69978333
-45.15744781 -21.46636391 166.9382019
-42.48089981 -26.36993027 174.9762115
-37.2833519 -33.31593704 178.4267883
-38.87699509 -31.44168282 170.0682068
-17.73366737 46.74951172 153.1993866
50 -1.224646757e-14 112
50 -1.224646757e-14 104
49.38201141 7.836889267 105.2428818
21.49458504 45.1440239 116.304039
12.95560932 48.29236221 114.1882401
15.6646328 47.48283005 121.9611206
21.96909714 44.91501617 125.6450729
18.1770649 46.5789032 140
18.00474739 46.64578247 131.9515839
10.03922653 48.98176956 136.88974
11.58091545 48.6403389 127.9817734
-29.52859497 -40.34925079 162.7633362
-23.09778023 -44.34515381 162.1667175
-28.18824768 -41.29676437 169.0146027
-22.44989777 -44.67663956 171.1049194
-25.49989128 -43.00878525 178.4771423
-31.90758324 -38.49553299 176.9630737
-19.37273979 46.09443665 178.6186371
-26.37755394 42.47616577 175.0086212
-27.90809822 41.48659897 182.2264252
-22.85020256 44.47323227 186.9994049
-34.13385391 36.53600693 186.3663025
-28.1207428 41.34276199 17.81219101
-34.13864517 36.53153229 13.62769794
-22.85020256 44.47323227 13.00059319
-42.31515884 26.63507843 67.18881989
-45.78989029 20.08198357 66.12478638
-44.55366135 22.69297981 73.95462036
-42.58969498 26.19385147 59.4066925
-15.34271908 47.58782196 114.7454758
-15.4081459 47.56668091 104.7234497
-21.84884453 44.97363663 109.2317963
-26.84067917 42.18504333 113.7491684
-27.7046566 41.62273407 105.4947205
37.84010315 32.6822052 6.864075184
40.45085144 29.38926315 0
40.45085144 29.38926315 200
37.84010315 32.6822052 193.1359253
-49.60612869 6.263535976 127.1085663
-49.99970245 -0.1721690744 134.0072632
-49.55224228 6.676469326 136.3635254
-49.96210861 1.946176767 143.0242157
-47.59695053 15.31438637 102.2355194
-49.37189865 7.900361538 106.4044342
-48.25498199 13.09414768 112.8724136
-15.22203064 47.62656784 79.65724182
-16.88227844 47.0636673 87.20031738
-21.2239399 45.27189255 80.59474945
-18.83848381 46.31534958 72.47988892
-47.83039093 14.56893444 172.6815643
-45.88238907 19.86973381 178.7234497
-44.8907547 22.01862907 169.9235382
-48.43265152 12.4208746 165.7327576
-46.47209167 18.44843102 163.2294464
-47.83039093 14.56893444 27.31842995
-45.88238907 19.86973381 21.27655029
-44.8907547 22.01862907 30.07645798
-46.47209167 18.44843102 36.7705574
-48.43265152 12.4208746 34.2672348
24.07316017 -43.82331467 63.81910324
28.91562271 -40.79076767 58.59006119
30.03368568 -39.97471237 67.92755127
-4.870806694 49.76218796 158.1083374
-3.922954798 49.84586716 165.8983917
3.424132824 49.88261414 159.4145355
-0.2165683508 49.99953079 151.298111
-37.36997604 33.21874237 55.805439
38.40517426 -32.01628494 193.0729523
40.45085144 -29.38926315 200
40.45085144 -29.38926315 0
38.40517426 -32.01628494 6.927041054
-19.67116165 45.96787262 132.7157288
-25.72089005 42.87698364 132.2983551
-23.75958252 43.99411774 139.9997101
-22.49042702 44.65625 123.8260117
-17.92991829 46.67459869 140.3392487
-10.57382393 48.86915588 135.9211426
-41.55156708 -27.8112812 78.45116425
-41.57858276 -27.77087593 86.48622131
-45.31365967 -21.13461876 79.40998077
-37.06304169 -33.56085205 83.08850861
33.0608902 37.50969696 42.2660141
32.89295197 37.6570549 35.30859756
34.89974594 35.80513763 27.26206398
37.08415604 33.53752136 34.97845078
29.29992104 40.51560974 28.9266243
33.0608902 37.50969696 157.7339935
26.97792435 42.09740448 159.2734528
32.89295197 37.6570549 164.6914062
37.08415604 33.53752136 165.0215454
34.89974594 35.80513763 172.7379303
29.29992104 40.51560974 171.0733795
-1.315881252 49.98268127 67.20236969
-0.602288425 49.99637222 60.03742599
-3.017294168 49.90887451 49.90724182
1.061010957 49.98874283 136.8902893
-5.227043152 49.72602844 143.6753845
2.822467327 49.92027283 144.3071899
-10.02717113 48.98424149 109.9033051
-2.379318237 49.94335556 112.8031006
-5.560414314 49.68985748 103.7907333
-9.193432808 49.14754105 118.133667
49.41092682 -7.652481556 104.5647202
43.682621 -24.32752991 122.7593079
44.61491776 -22.57230568 115.8645859
40.48224258 -29.34600639 115.7413635
-47.69824219 -14.995924 75.67797089
-48.68119049 -11.40797138 68.48377228
-49.40854263 -7.667850494 74.88581848
-7.771542072 49.3923378 151.1122437
-13.71162033 48.08317184 146.579361
-11.54588795 48.64866257 157.6532745
9.605513573 49.06866837 67.95728302
3.414298534 49.88328934 74.06790161
11.59992504 48.63580704 77.52107239
16.96685791 47.03324127 71.48843384
-40.87457275 -28.79703712 93.06236267
-43.57892609 -24.51279831 98.6563797
40.99674988 28.62283325 97.18322754
42.15960312 26.88062096 89.47216797
36.26727295 34.4192543 92.36511993
4.994906902 49.74988174 117.5115433
5.049355507 49.74438858 110.0863953
11.24008751 48.72022629 105.1856613
3.913178205 49.84663391 102.6217728
-49.73617554 -5.129620552 42.91892624
-49.2928772 -8.379281044 52.06479645
-49.99972153 0.1668188572 49.45766068
-49.73617554 -5.129620552 157.0810699
-49.99983597 0.1284533292 150.3745117
19.46163368 46.0569725 164.7762756
19.31467247 46.1187973 157.4330902
12.6291914 48.37874985 157.6724396
17.52017784 46.8299408 150.6107178
-23.08614349 -44.35121155 136.2557068
-24.45097542 -43.61364365 144.0289612
-28.24335289 -41.25909424 136.0206451
-25.99888039 -42.70899582 128.9694519
-32.53667831 -37.96530533 130.7455444
-19.52623749 -46.02962112 31.57939911
-25.55620193 -42.97534943 34.71790314
17.83807755 -46.70977402 141.5512848
14.35977173 -47.89360046 133.9416351
7.951361656 -49.3637085 130.3791656
19.99851418 -45.82640457 129.4840088
22.69952583 44.5503273 200
19.87766647 45.87895203 193.2433319
15.45084953 47.55282593 200
15.53768444 47.52452469 188.6259308
23.45242882 44.15861893 187.2265015
19.87766647 45.87895203 6.756663322
22.69952583 44.5503273 0
15.45084953 47.55282593 0
15.53768444 47.52452469 11.3740654
23.45242882 44.15861893 12.77349186
-31.25177574 -39.02981567 24.16781235
-37.15328979 -33.46091843 20.37901688
-30.4586525 -39.65186691 16.83501434
-34.62955475 -36.06652069 12.27717209
-30.5331459 -39.59453201 7.955123901
-23.91697311 -43.90874863 12.39174271
-11.50816536 48.6576004 182.2902985
-10.01974583 48.98575974 175.0240173
-15.56564903 47.51537323 170.3158722
24.41046715 43.63632965 51.73949051
18.43383217 46.4778862 52.54626083
4.57795763 49.78998184 24.01561737
5.755705357 49.66761398 17.28312302
13.45288944 48.15620041 18.98164177
5.755705357 49.66761398 182.7168732
4.57795763 49.78998184 175.9843903
-0.9978457689 49.99004364 176.4104462
13.45288944 48.15620041 181.0183563
-30.25661659 -39.8062439 183.104248
-23.81422043 -43.96456528 187.5327911
-30.52963448 -39.59724045 192.039856
-34.62955475 -36.06652069 187.7228241
4.689342499 49.77961349 130.4347534
-4.951759338 49.75419617 131.1486664
0.2965278625 49.9991188 124.6802139
-31.39578438 38.91407013 43.06332397
-32.78147507 37.75413513 36.43591309
-27.42428398 41.80799866 34.57830048
-24.91549301 43.34994888 40.96465683
31.55784798 38.78275681 92.56916046
24.60232925 43.52844238 93.26506042
-37.57897568 32.98212433 180.6907043
-39.23822784 30.98970032 189.9194794
-7.821723461 -49.38441849 0
-9.385169029 -49.11128616 7.11106205
-15.45084953 -47.55282593 0
-16.87197113 -47.06736374 10.45012283
-15.45084953 -47.55282593 200
-9.373291969 -49.11355591 192.8956146
-7.821723461 -49.38441849 200
-16.61847878 -47.15746307 189.6909485
-39.23858261 30.98925018 10.07956886
-37.40097809 33.18383408 19.22993469
26.19197464 42.59085083 193.3135834
26.19197464 42.59085083 6.686410427
-12.27286148 48.47037125 71.26205444
-49.97567368 -1.559547544 89.32800293
-49.93660355 -2.517101526 97.20481873
-49.84125137 3.981170177 99.44477844
-49.7979393 4.490592957 92.51378632
30.42020607 39.68136978 151.9269867
30.42020607 39.68136978 48.07301331
46.06048965 -19.45331192 87.87502289
45.32023621 -21.12051201 97.9384079
42.63512421 -26.11984253 88.90408325
40.82928467 -28.86121368 95.94849396
17.21472359 -46.94308472 159.6360626
23.4693222 -44.14964294 156.9239502
23.24115181 -44.27017975 167.095459
29.16467285 -40.61307526 159.9801941
16.74719429 -47.11190414 150.4711609
22.73466682 -44.53240204 150.1912842
23.24115181 -44.27017975 32.90454102
23.4693222 -44.14964294 43.07604599
17.21472359 -46.94308472 40.36394119
29.16467285 -40.61307526 40.01980591
16.74719429 -47.11190414 49.52884293
22.71188736 -44.54402542 49.80907059
-49.19320297 -8.94589138 110.0587082
-49.81548309 -4.291574001 104.3381271
-35.38557053 -35.32508087 39.12360764
-31.1334877 -39.12423706 39.35892487
-32.36568451 -38.11118698 32.67071533
35.45331955 -35.25708771 41.25085449
32.8680954 -37.6787529 34.38504028
38.020298 -32.47240067 33.79738617
37.18465042 -33.42606735 24.70529556
31.07699203 -39.16912842 27.4091835
32.8680954 -37.6787529 165.6149597
35.45331955 -35.25708771 158.7491455
38.020298 -32.47240067 166.2026215
37.18465042 -33.42606735 175.2947083
31.07699203 -39.16912842 172.5908203
15.45084953 -47.55282593 0
11.7443819 -48.60112762 7.366623878
11.7443819 -48.60112762 192.6333771
15.45084953 -47.55282593 200
-45.50756836 20.71379471 139.556427
-47.78132629 14.72904682 144.4812775
-45.09024429 21.6071701 146.2757721
-46.7589035 17.70889473 133.4578094
-37.21670914 -33.3903656 129.7398376
-39.76564407 -30.3099575 136.2124023
6.714669228 49.54708099 153.4747467
9.968980789 48.99611664 147.4313507
37.84865189 32.67230225 103.0928421
37.98479843 32.51391983 111.2730179
41.60917664 27.72501564 107.0268326
7.841469765 49.38128662 48.14126587
3.851003408 49.85147858 41.52275085
-29.53331375 40.34579849 56.12673569
-33.5387764 37.08302307 61.20835114
-35.35533905 35.35533905 0
-34.60367584 36.09135056 7.203491688
-34.60349274 36.09152603 192.7963867
-35.35533905 35.35533905 200
-43.88013077 23.96943855 154.7080536
-46.39606857 18.63879585 154.8998413
-46.39606857 18.63879585 45.10015869
-45.09024429 21.6071701 53.72422409
-43.74691391 24.21171951 45.24008179
-16.10482788 47.33534241 163.1078796
-33.87387085 -36.77717972 169.6379089
-48.12416077 13.56706238 122.5690994
-49.4466362 7.418230057 118.8171005
-49.98033905 1.401987076 119.961113
34.51584244 -36.17535782 140.7720642
39.8465004 -30.20358086 140.4078217
34.82750702 -35.87540436 147.9756927
39.25305176 -30.97092056 147.7171936
-49.68112946 -5.637850761 35.9284668
-48.14484024 -13.49348927 39.23580933
-48.76076508 -11.06290817 30.69391441
36.21325302 34.47608185 134.8054047
29.65416908 40.25705338 133.3167419
32.08789444 38.34536743 139.3768768
24.58643341 43.53742218 139.9838257
-30.00831795 39.99375916 143.5936127
-37.3960228 33.18941879 145.4030609
-34.24243546 36.43426514 138.9706573
-25.27702141 -43.14014435 152.6613464
-19.60347939 -45.99677658 156.0748749
-13.71266937 -48.0828743 153.9253387
34.48794556 -36.20195389 59.20557404
36.49757385 -34.17494583 65.87100983
40.5220871 -29.29096413 59.56741333
34.89226913 -35.81241989 52.02664566
39.25305176 -30.97092056 52.2828064
45.23480606 -21.3028698 107.2493896
42.16379929 -26.87404251 102.818306
-21.71673203 -45.03757858 119.21035
-27.76270676 -41.58403778 120.9944687
-18.63685989 -46.39684677 125.5668335
-15.83364296 -47.42674255 132.2556763
22.42577553 44.68875122 74.12830353
45.19723129 21.3824749 108
47.72498703 14.9105835 105.8011627
45.44858551 20.84288788 99.23430634
48.3909874 12.58222389 98.92208862
46.38238144 18.6728363 115.4213943
48.68959808 11.37203407 112.3484344
44.5503273 22.69952583 200
42.57545853 26.21698189 193.9168091
45.77968597 20.10523224 190.1176605
41.00926208 28.60490227 187.3264923
42.57545853 26.21698189 6.08318758
44.5503273 22.69952583 0
45.77968597 20.10523224 9.882336617
41.00926208 28.60490227 12.67350101
-48.95949554 10.14730358 96.93359375
-48.94169617 10.23280144 90.02571869
-48.3810463 12.62039185 41.42563248
-49.52382278 6.884100914 37.81476593
-49.59842682 6.324253559 45.22190475
-48.3810463 12.62039185 158.5743713
-49.52382278 6.884100914 162.1852417
-49.59842682 6.324253559 154.7780914
19.96678734 -45.84023666 15.86077404
21.61348152 -45.08721924 22.7671814
27.64287376 -41.66379166 19.98425865
26.4313488 -42.44271088 11.79528236
21.61348152 -45.08721924 177.2328186
19.96218491 -45.84224319 184.1389618
27.64287376 -41.66379166 180.0157471
26.4313488 -42.44271088 188.2047119
-28.82338142 -40.85599899 57.71246338
-22.89884567 -44.44820404 56.3879776
-45.46588516 -20.80512619 39.89506531
-46.89953232 -17.33302498 45.58119583
-45.15744781 -21.46636391 33.06179047
-41.12512207 -28.43807602 36.09660721
49.48638916 -7.148239613 137.1961365
50 -1.224646757e-14 136
50 -1.224646757e-14 144
49.12567902 -9.309541702 144.1299591
49.47457123 7.229590893 63.79320145
49.3861351 7.810867786 71.29281616
11.62489796 -48.62984467 44.49489594
8.509084702 -49.2706337 38.08610535
7.925037384 -49.36794281 50.57390594
11.62489796 -48.62984467 155.5051117
8.843167305 -49.2117691 162.274826
22.06552696 -44.86772156 80.67408752
24.64773369 -43.5027504 72.51130676
19.57560349 -46.00864792 69.61534882
42.67193985 -26.05965614 134.3691101
-48.20100403 -13.29147625 5.94124794
-49.38441849 -7.821723461 0
-47.55282593 -15.45084953 0
-49.48275375 -7.17335844 9.503093719
-49.38441849 -7.821723461 200
-48.20100403 -13.29147625 194.0587463
-47.55282593 -15.45084953 200
-49.48275375 -7.17335844 190.4969025
0.5290626287 -49.99720001 182.6249542
-4.460443497 -49.80064774 187.936554
-0.5402045846 -49.99708176 17.35869789
-4.460443497 -49.80064774 12.063447
47.28556061 -16.25041389 143.6845245
45.25720596 -21.2552433 148.4445648
-38.24880981 32.20292664 63.56677246
-40.02590942 29.96542358 93.17880249
-33.72519684 36.91355896 92.1324234
42.05814362 -27.03909302 162.2115784
40.48177719 -29.34664536 155.1851044
44.90150833 -21.99669266 157.5955505
42.05814362 -27.03909302 37.78842163
44.90150833 -21.99669266 42.40444946
40.48177719 -29.34664536 44.81489944
-42.36077118 26.56247711 117.9242249
-41.29170609 28.19565392 110.0781403
-44.81642532 22.16952705 114.9382629
50 -1.224646757e-14 80
50 -1.224646757e-14 88
49.55985641 -6.619713306 82.76616669
49.04259491 -9.737760544 89.22663116
49.62081146 6.146132946 51.70180893
50 -1.224646757e-14 56
50 -1.224646757e-14 48
47.59605789 -15.31715679 105.2282257
48.4068222 -12.52116489 98.68171692
48.75932312 -11.06925774 111.3931427
49.57041168 6.54019928 82.92050934
48.98069382 10.04447937 89.15829468
-42.70264053 -26.00931549 24.00602341
-39.50563812 -30.64807701 28.2532444
-48.29906845 12.93058968 151.2434998
-47.78632355 14.71282864 55.76008606
-48.29906845 12.93058968 48.75649643
-35.13263321 -35.57665253 136.8478241
49.61661911 -6.179888248 51.58841324
48.89812469 -10.43903065 57.29767609
-20.75790596 -45.4874649 64.8015213
-45.53440475 -20.65472984 87.5977478
31.82217407 -38.56616592 100
32.55013275 -37.9537735 108.4475632
26.48180962 -42.41124344 104.7731628
26.82284737 -42.19638443 110.3052521
25.68475151 -42.89864349 98.3165741
-20.85270882 -45.44408035 194.3631439
-22.69952583 -44.5503273 200
-21.00676727 -45.37307358 5.590238571
-22.69952583 -44.5503273 0
-46.65353394 -17.98465347 63.90282059
21.98787117 -44.90583038 6.965900898
16.8613739 -47.07115936 10.38408375
21.98787117 -44.90583038 193.0341034
16.8613739 -47.07115936 189.615921
33.37273407 37.23252106 182.0160675
38.26955795 32.17826843 181.9108887
40.49401474 29.32976151 175.8652802
38.26955795 32.17826843 18.08910561
33.37273407 37.23252106 17.98393822
40.49401474 29.32976151 24.13472366
-45.37202072 -21.00903702 51.81664276
-20.50001335 -45.60427094 18.27878571
-38.51705933 -31.8815937 57.35182571
47.41312027 15.87438107 143.5439758
49.17129898 9.065505028 144.4531403
45.44971085 20.84043884 148.2147827
-40.73443985 28.99491882 37.67747116
-37.0274353 33.6001358 35.8917923
-40.26967621 29.63702393 30.23096657
-35.82091141 34.88355255 26.05269432
-48.54277802 -11.98327351 46.17135239
-29.7202549 40.2082901 76.47299194
-32.71357727 37.81298447 85.16065216
-28.22618294 41.27084351 89.39186096
-44.5503273 22.69952583 0
-42.91693878 25.65416718 6.071604252
-40.45085144 29.38926315 0
-42.91693878 25.65416718 193.9283905
-44.5503273 22.69952583 200
-40.45085144 29.38926315 200
49.50366211 -7.027620316 63.46181107
49.473629 7.236019135 137.1242981
35.3239212 -35.38673019 93.20509338
39.11212158 -31.14871025 88.46359253
41.9249115 -27.24521446 82.91682434
-1.445544004 49.97909927 98.18659973
-10.09195995 48.97093201 95.40363312
-46.32582855 18.81269455 109.4756546
-44.59583282 22.60999298 103.9454498
-49.6504631 5.901831627 85.50896454
-48.57955551 11.83329582 78.35631561
-49.83697891 4.034305096 78.84344482
-49.88503647 -3.388691664 81.49556732
36.84835052 -33.79643631 113.093956
31.94622612 -38.46347046 117.2664795
38.08945084 -32.39125824 106.7389526
30.6006546 -39.54238129 46.75941086
30.6006546 -39.54238129 153.2405853
-46.623909 18.06131935 6.333462238
-44.86871338 22.0635128 11.6889925
-46.623909 18.06131935 193.6665344
-44.86871338 22.0635128 188.3110046
-5.470159054 -49.69987106 148.800827
-6.384785175 -49.59067154 156.4122772
-0.7783796787 -49.99394226 157.1499176
12.92051315 48.30176163 164.5895081
12.92051315 48.30176163 35.41049576
-1.982106805 49.96069717 74.08983612
-47.76688385 14.77582169 62.46883392
-45.17533875 -21.42869186 183.7594299
-44.75101852 -22.30125999 16.36452484
50 -1.224646757e-14 0
49.53393173 6.810993195 6.852216721
50 -1.224646757e-14 8
49.38441849 7.821723461 0
50 -1.224646757e-14 192
49.53393173 6.810993195 193.1477814
50 -1.224646757e-14 200
49.38441849 7.821723461 200
-47.00769043 17.03751373 94.03794098
11.06876945 -48.75943375 61.29992676
12.25030613 -48.47607803 55.25814438
17.4964695 -46.83880615 58.40444946
42.32784653 26.61490822 181.2876892
42.32784653 26.61490822 18.71231651
-49.9624176 1.938293576 55.52203751
-49.99726105 0.5235009789 62.01334381
-5.754668236 49.66773224 182.9013519
-28.6660881 -40.96651459 114.2376633
-45.61904144 -20.46712303 117.2555161
-40.27706528 29.62697792 169.7595215
-37.52099609 33.048069 164.5205688
-35.17260742 35.53713226 174.0373688
23.55986786 44.10139084 169.9290924
19.28357697 46.13180923 174.9049835
25.26952744 43.14453506 178.4090118
19.28357697 46.13180923 25.09501266
23.55986786 44.10139084 30.07090759
25.26952744 43.14453506 21.59099007
-18.02665138 46.63732147 17.33733368
-12.4176712 48.43347549 17.5023632
-15.38391495 47.57452393 9.666324615
-22.73716545 44.53112793 7.001451492
-15.45084953 47.55282593 0
-15.45084953 47.55282593 200
-22.56595039 44.61813354 193.0180664
-15.28217793 47.6072998 190.769989
-9.597680092 -49.07020187 13.28409481
-9.872442245 -49.01565933 186.501297
19.67778015 45.96504211 18.27786636
19.67778015 45.96504211 181.7221375
27.29645348 41.89157104 101.12883
30.50536728 39.61594009 109.0755157
32.48355484 38.01077271 100
23.34201241 44.21708298 107.1793671
21.46026993 45.16034698 99.93080902
40.66402817 29.09358788 128.5898895
44.75094986 22.30140114 123.6916199
43.07911682 25.3808918 118.2741089
-31.07095718 39.17391586 170.0028229
-22.33010864 44.7366333 90.57025909
-15.97327232 47.37989807 95.23182678
-23.67596054 44.03917313 98.29302216
-19.64307976 -45.97988129 182.219696
42.66055679 26.07828331 134.4434204
40.89976883 28.76124001 140.5299377
-33.52292252 -37.09735489 124.0813522
-49.80801392 -4.377429008 21.1426754
-49.78149796 -4.66933012 27.92704201
-49.97782135 1.489084005 32.28068161
-49.77398682 -4.748725891 172.2144928
-49.80801392 -4.377429008 178.8573303
-48.78896332 -10.93787003 169.3050079
-49.97782135 1.489084005 167.7193146
-49.76246643 -4.867953777 164.3158112
49.54608536 -6.722014427 193.2359467
49.38441849 -7.821723461 200
49.54608536 -6.722014427 6.764050961
49.38441849 -7.821723461 0
17.37450027 46.88418579 109.1671066
34.7123909 35.98680115 115.1340485
10.03610134 -48.98241043 121.7635574
10.93887711 -48.78873825 115.2088699
17.62944794 -46.78891373 117.2166443
35.12154388 -35.58760071 182.8348694
39.62341309 -30.49565887 182.7174835
40.91088104 -28.74543381 176.2709198
39.62341309 -30.49565887 17.28251076
35.12154388 -35.58760071 17.1651268
40.91088104 -28.74543381 23.72907448
28.26444817 -41.24464798 83.89233398
-24.8081665 -43.41146088 70.90287781
-19.98396492 -45.83275223 71.51491547
39.42014313 -30.75796127 121.9491501
-10.6507864 48.85243988 49.3582077
-8.802131653 49.21912766 42.28413391
-14.27865314 47.91784668 40.59192657
-16.76700592 47.1048584 47.04926682
-9.654268265 49.05909729 34.81389999
49.53186417 6.826006413 95.33730316
50 -1.224646757e-14 96
2.525956869 49.93615341 169.8644867
9.060862541 49.17215347 169.6379089
-21.82459641 44.98540878 170.5800171
14.78038025 -47.76547241 126.9574585
-40.63536072 29.13361359 126.0174484
-44.2374649 23.30336571 125.2428055
-38.24560547 32.2067337 121.2290268
4.054106236 49.83537292 54.72299194
4.947830677 49.75458908 60.74850464
11.32140732 48.70139313 52.57216644
-14.4128561 -47.87765121 67.53795624
-7.075077057 -49.49690247 64.06656647
-13.17481422 -48.23302078 60.85123825
-21.48154259 45.15023041 29.60354233
-27.27933121 41.90272141 25.33385086
-6.055472374 -49.63195801 141.9141541
-1.367207766 -49.98130417 137.7054596
-24.32566261 43.6836586 61.8131218
-29.39112663 40.44949341 67.7933197
-23.73718452 44.00620651 68.50154114
29.20960808 40.58076859 13.89884567
29.20960808 40.58076859 186.1011505
-28.78673363 40.88182831 95.46212769
-32.75399399 37.7779808 99.99825287
-34.7480545 -35.95236969 157.236557
47.87825012 -14.41086674 52.20496368
48.73359299 -11.1819849 46.78050232
-1.101599813 -49.98786163 67.94786835
-0.06351537257 -49.99995804 62.41953659
-6.1704669 -49.61779404 57.95090866
-6.029099941 -49.63516998 51.37312317
1.060544133 -49.98875046 54.5267868
-12.62952423 -48.37866211 53.23820496
-49.54591751 6.723258972 72.73933411
-29.65312004 -40.25782394 156.8153534
-9.125646591 49.16017151 6.5468297
-7.821723461 49.38441849 0
-9.017512321 49.18012238 193.4925079
-7.821723461 49.38441849 200
49.54377365 -6.739029884 95.30368805
-37.97576523 32.52447128 114.5677185
-34.54482269 36.147686 110.1374741
-32.11370468 38.32375336 119.6569977
13.8039999 -48.05673218 74.05085754
8.521522522 -49.26848602 71.83250427
12.85821247 -48.31838608 66.81599426
-27.33895874 -41.86384201 94.12348938
-26.51073837 -42.3931694 101.3718414
-8.695194244 -49.23813248 99.93817139
-5.620831013 -49.68305969 95.63419342
-6.508880138 -49.57453537 88.99272156
-48.44292068 -12.3807745 154.0348206
13.00938225 48.27790451 25.89810181
8.215542793 49.32043076 30.43613052
13.00938225 48.27790451 174.1018982
-18.32599258 -46.52051163 113.0426941
-15.54734135 -47.52136612 105.6561966
-12.06475258 -48.52259064 111.9027023
6.779774666 -49.53821564 77.66078949
41.74783707 -27.51577759 109.6372986
-21.17494965 -45.29483032 100.2032471
-16.21894646 -47.29636002 96.24700165
43.56798935 24.53223038 25.61860847
43.6125946 24.45284081 32.23423767
43.56798935 24.53223038 174.3813934
43.6125946 24.45284081 167.7657623
-47.07352066 -16.85477638 171.298996
-47.07352066 -16.85477638 28.70100784
-33.20293045 37.38402939 72.28026581
-10.48001862 48.88935852 166.273819
-4.59261179 -49.78863144 170.5534973
1.549314141 -49.9759903 168.0457001
-37.67041397 32.8776474 104.2102966
-43.84612656 -24.03158379 151.1071472
-49.64874268 -5.916282177 62.45624542
-49.73933029 -5.098922729 68.81021118
-5.379594326 -49.70975876 122.0844193
0.1225586236 -49.99985123 128.188324
-7.998990536 -49.35601425 127.871376
0.7588585019 -49.99423981 120.1271439
-49.98797989 -1.09625721 74.68955994
29.8079071 -40.14335251 125.828804
25.32605362 -43.11137772 121.8988571
42.6320076 -26.12492752 5.310149193
41.93773651 -27.2254715 11.78515053
42.6320076 -26.12492752 194.6898499
41.93773651 -27.2254715 188.2148438
49.61630249 -6.182428837 42.58285522
49.1372261 -9.248402596 157.3605042
50 -1.224646757e-14 152
-48.44910049 -12.35656452 130.3536377
-49.01548386 -9.873314857 124.2653351
21.75733185 -45.01797867 87.50457001
26.63318443 -42.31634903 90.95591736
48.035923 13.87623692 17.61968803
48.53993225 11.99479103 11.57342339
48.035923 13.87623692 182.3803101
48.53993225 11.99479103 188.4265747
6.096307755 -49.62695694 103.1497574
26.34337425 42.49737167 113.1327209
-49.29971695 -8.338934898 15.94869041
-49.29971695 -8.338934898 184.0513153
36.62366867 -34.03978729 99.55778503
-46.86639786 17.42241669 72.86791992
11.94770432 48.55154419 59.13633728
18.1770649 46.5789032 60
-3.277476311 -49.8924675 5.669518471
-3.277476311 -49.8924675 194.3304749
-35.83127213 34.87290955 126.7026367
-31.14016914 39.11891937 128.3803864
23.75616837 43.99596024 133.7250519
6.510983467 49.5742569 123.9056778
-27.28315926 -41.90023041 28.50118065
-22.54874611 -44.62683105 24.90845299
48.72570419 11.21631622 46.68795776
47.91605759 14.28466034 52.15463257
48.98311996 10.03264999 57.48574448
47.69108582 15.01866913 73.25688934
48.67168427 11.44844913 78.44320679
45.15132904 21.47923088 76.43971252
46.75753403 17.71250725 81.70514679
-49.46940613 7.264830112 51.77968216
-49.46940613 7.264830112 148.2203217
42.88625336 -25.70543289 17.8927803
42.88625336 -25.70543289 182.1072235
49.64484406 5.948890209 157.3831787
49.66972351 5.737468719 42.98671722
36.48464584 34.18874741 128.2116394
-49.8443985 3.941544533 194.277298
-50 -1.608142872e-14 200
-50 -1.608142872e-14 0
-49.8443985 3.941544533 5.722694397
46.53071976 18.30005455 88.27674866
47.04190445 16.9428215 94.13040924
47.2359848 16.39395523 157.1249542
44.67278671 22.45755959 157.5649719
45.44971085 20.84043884 51.78521729
47.2359848 16.39395523 42.87504196
44.67278671 22.45755959 42.43502426
-49.93248749 2.597408295 25.57854652
-49.93323517 2.582999706 174.4217224
-42.17791748 26.85187912 15.14779186
-41.52118301 27.8566227 21.29656219
-42.28151321 26.68845367 184.7646637
-41.52118301 27.8566227 178.7034302
12.91742325 -48.30258942 96.15275574
16.44528961 -47.21813583 90.95603943
-29.26409721 -40.54149246 51.82845306
-25.27702141 -43.14014435 47.33864594
-49.31805038 -8.229823112 85.7695694
49.70469284 -5.42620039 76.30123901
48.66578674 -11.47350216 78.01137543
47.49420166 -15.63012886 72.90294647
45.26371002 -21.24138451 76.1739502
46.85684967 -17.4480896 81.35855865
-21.64750099 45.07089615 117.3709946
-30.31342125 39.7630043 136.6153564
-16.73412132 47.11655045 184.9969482
-32.83597946 -37.70674515 61.34023285
47.88273621 -14.39595509 92.75032043
17.41878128 -46.86775208 166.0908661
17.41878128 -46.86775208 33.90914154
4.86520052 -49.76273346 136.0388489
-47.55608749 -15.44080448 165.0493011
47.55282593 15.45084953 0
47.6027832 15.29624653 6.45476532
47.6027832 15.29624653 193.5452423
47.55282593 15.45084953 200
38.63940811 31.73320198 79.81103516
40.34374619 29.53611374 71.32390594
5.936327457 -49.64635086 65.9307785
48.09960175 -13.6538744 17.76060486
48.33887863 -12.78095055 11.83198547
48.09960175 -13.6538744 182.2393951
48.33887863 -12.78095055 188.1680145
-35.28073883 -35.42978287 27.62391472
-27.63498878 41.66902161 82.43463898
-31.92784882 38.47872543 30.14408112
-32.7202301 37.8072319 179.4942017
-16.70401955 -47.12722778 25.67234421
-32.9768219 37.58362961 20.55791855
-20.39979935 -45.64918518 50.62436676
36.8495903 33.79508209 141.1831207
33.99199677 36.66802597 146.1946564
38.47816467 31.92852402 146.3142395
-23.12111092 44.33299255 20.39688492
49.63383484 -6.040056229 149.698349
48.84738922 -10.67391586 152.1229248
-32.71461105 -37.81209183 79.34300232
-32.48266602 -38.01153183 84.85658264
-27.97188187 41.44362259 123.3617172
43.89567566 -23.94095993 25.01716042
43.69850159 -24.29898834 31.54183197
43.89567566 -23.94095993 174.9828339
43.69850159 -24.29898834 168.4581757
42.56411743 26.23539543 146.2153625
40.10578537 29.85843277 153.7148743
42.56411743 26.23539543 53.78464127
41.44862747 27.96446228 59.48032379
38.86099243 31.4614563 53.15565109
40.10578537 29.85843277 46.28512573
36.04887009 34.64792633 187.3470001
36.04887009 34.64792633 12.65300369
13.32690907 -48.19121933 145.5799103
47.64548492 -15.16270638 42.56246185
45.25720596 -21.2552433 51.55542755
47.44831085 -15.76888943 36.15333176
47.48725891 -15.65120316 157.4665527
47.44831085 -15.76888943 163.8466644
-49.81904221 -4.250071526 143.1456909
-49.24917221 -8.632432938 137.1387482
-42.61434174 -26.15373802 105.1435394
-49.98735046 1.124671459 42.01583862
-49.98735046 1.124671459 157.9841614
-42.08940125 -26.99040985 166.934906
-37.3862381 -33.20043945 88.81305695
-25.66678238 -42.90939713 88.20491028
-28.30128098 -41.21938324 80.76406097
-23.35087395 -44.21240234 81.47008514
38.5188446 31.87944031 86.07171631
41.1853447 28.35079002 82.80645752
-35.36485291 -35.3458252 6.015041351
-40.45085144 -29.38926315 0
-35.35533905 -35.35533905 0
-29.38926315 -40.45085144 0
-40.45085144 -29.38926315 200
-35.35697174 -35.35370636 193.9860687
-35.35533905 -35.35533905 200
-29.38926315 -40.45085144 200
-2.92737031 49.91423035 119.1010971
-7.394610405 -49.45017242 133.9063416
-11.90270233 -48.56259537 138.1900024
-17.22401237 -46.93967819 174.4780884
49.66397858 5.786974907 76.96918488
39.78889465 -30.27943039 71.60649109
41.51917267 -27.85961723 65.68114471
-45.59990692 -20.50971603 143.5253143
-45.56135941 -20.59520721 137.3992462
-47.74133682 14.85816002 12.44151592
-47.74133682 14.85816002 187.5584869
-35.7071991 34.99994278 132.7640686
-17.10453224 -46.98334885 140.0027771
-16.79950142 -47.09327698 146.2799835
23.57045937 44.09572983 57.84548569
-12.01023388 48.53611374 124.9142303
-16.35244179 47.25037384 121.1968994
47.64422989 15.16665173 129.2881622
-19.61159325 45.99332047 146.3387299
-43.54671097 24.56998062 80.13422394
47.40192032 -15.90779018 115.5890884
15.96845818 47.38151932 65.5552597
25.93394279 -42.74845505 27.45055962
25.93394279 -42.74845505 172.5494385
-12.87214375 -48.31467438 124.0932159
-10.4295311 -48.9001503 118.3646393
19.97768402 -45.83549118 96.58520508
25.58495712 -42.95823669 129.5314941
42.62034988 -26.14394379 145.4727173
42.62034988 -26.14394379 54.52728653
28.03708839 -41.39953613 6.42249155
22.69952583 -44.5503273 0
22.69952583 -44.5503273 200
28.03708839 -41.39953613 193.5775146
1.919623613 49.96313858 29.10951614
2.866420507 49.91777039 34.61151886
12.10149384 48.51343918 5.259556293
12.10149384 48.51343918 194.740448
-38.25594711 -32.19444656 184.4714355
36.19860077 34.49147034 151.6515656
36.19860077 34.49147034 48.34843826
-44.5503273 -22.69952583 0
-46.18556976 -19.15445328 4.831441879
-46.18556976 -19.15445328 195.1685638
-44.5503273 -22.69952583 200
49.6930275 5.531984329 150.0875854
48.80208588 10.87918091 153.1791382
47.41523361 -15.86806965 60.13435745
-49.08298492 -9.532091141 80.43243408
-5.412497044 -49.70618439 115.6917953
-4.582278728 -49.78958511 109.5159683
0.9386830926 -49.99118805 112.7798157
-49.94963074 -2.24375701 194.2224121
-49.95492935 2.122465849 188.5342102
-49.94963074 -2.24375701 5.777590752
-49.95492935 2.122465849 11.46579266
20.52197647 -45.59439087 123.2918625
-47.676651 -15.06442356 51.4094429
-47.03770828 -16.95446968 57.3446579
24.6988945 43.47372437 148.2582397
29.33675003 40.48895264 144.5565796
-23.02439499 -44.38330078 94.35105133
-18.37610054 -46.50074005 90.10562897
-43.18667984 -25.19743729 139.1401215
49.65395355 5.872382164 12.76854515
49.65395355 5.872382164 187.2314606
49.65233612 5.886041164 27.95179558
49.65233612 5.886041164 172.0482025
-25.76762009 -42.84891891 19.94548798
49.57452774 -6.508923531 12.63414764
49.57452774 -6.508923531 187.3658447
-46.78151703 17.64907265 127.5541382
-44.57605743 -22.64895439 132.0414886
-38.57115936 -31.81612396 14.38090706
39.67781067 30.42485046 116.903511
31.70669746 -38.66115952 186.0884094
31.70669746 -38.66115952 13.91159534
27.43611526 41.80023575 126.2049866
49.48202133 -7.178413868 27.8794117
49.48202133 -7.178413868 172.1205902
27.21166611 41.94669724 34.55823898
27.21166611 41.94669724 165.4417572
18.51375389 -46.44610596 27.85842133
18.51375389 -46.44610596 172.1415863
-49.51509476 6.946611881 168.2718811
-49.51509476 6.946611881 31.72812271
0.2398583144 -49.99942398 151.1828156
-3.822205305 -49.85369492 28.97411346
2.595974922 -49.93256378 32.04928207
-37.86678314 32.65128708 137.8161926
16.70372391 -47.12733459 85.43825531
-49.84170151 -3.975531816 57.11647797
-24.42387581 43.62882233 74.70349884
47.67090607 -15.08259583 130.0608063
49.76685333 -4.822906971 124.0594254
50 -1.224646757e-14 120
50 -1.224646757e-14 128
40.21340942 29.71332359 30.27260017
41.62027359 27.70835304 39.15066147
40.21340942 29.71332359 169.7274017
41.62027359 27.70835304 160.8493347
-47.92416 14.25744915 85.16831207
-19.21340561 -46.16107559 166.5432892
-46.20240402 -19.11380959 99.54354858
-13.35988426 48.18208694 130.8752441
0.008716674522 50 106.1648331
47.84516525 -14.52033138 6.045900822
47.84516525 -14.52033138 193.9541016
-37.13058472 -33.48611069 33.10285187
-12.97859764 -48.28619003 74.48590088
-12.12799549 -48.50682068 80.52417755
-19.08524513 -46.21421432 77.59316254
-0.5329850912 -49.99715805 48.75019455
0.4870360792 -49.99762726 42.73286057
30.39280891 39.70235825 22.87685204
30.39280891 39.70235825 177.1231537
23.40277863 -44.18495178 55.78902054
7.240673065 49.47294998 98.91699219
-48.76109314 -11.06145668 57.83864594
-44.05503082 -23.64644432 92.66743469
31.11023712 -39.1427269 93.94184113
42.18479538 26.84107018 76.92797089
-34.62547302 -36.07043839 163.8124695
-6.332993984 49.59730911 125.2914963
23.89935493 -43.91834259 144.1364288
-21.18027496 -45.29233932 106.056839
44.34149551 23.10480118 83.42432404
36.70568848 -33.95132828 152.9186096
35.63898468 -35.06940079 47.01220703
-49.35694504 7.993256092 12.79123402
-49.35694504 7.993256092 187.2087708
-46.45534515 -18.49056244 154.5339661
-47.71198273 -14.95215225 158.9117737
34.09624481 -36.57110977 70.93588257
47.51819611 15.55702972 60.58162689
-42.16394806 26.87380791 53.5228157
-42.16394806 26.87380791 146.4771881
49.67883301 5.658056736 114.3477783
-47.62168503 -15.23729897 135.5798035
-49.89003754 -3.3142488 15.5390358
-49.89003754 -3.3142488 184.460968
7.553887367 -49.42609406 167.8716736
7.553887367 -49.42609406 32.12832642
-18.67355347 -46.38209152 84.11205292
43.33468628 24.94203377 47.82381439
43.33468628 24.94203377 152.1761932
-44.81869125 -22.16494942 57.82853317
40.78598785 -28.9223671 29.76729965
40.78598785 -28.9223671 170.2326965
-46.03569794 19.51190376 59.24947357
-16.16317177 -47.31545258 119.1696243
-41.74906921 27.51390839 73.16791534
5.705325127 49.67342758 80.02951813
14.90348816 47.72720337 47.84952545
4.163602829 49.82634354 86.53757477
36.12527084 34.56826401 68.93530273
39.30638504 30.90320396 65.35592651
21.42302322 45.17802811 88.44335938
-42.63085938 -26.12680626 29.63448715
-42.6320076 -26.12492752 195.5279999
-42.6320076 -26.12492752 4.472002029
42.62835312 26.13088989 112.2613907
17.32705498 46.90174103 77.47066498
19.8517437 45.89017487 94.25457764
49.65009308 -5.90493679 113.2919083
-28.79888535 -40.87327194 147.2221222
19.8129406 45.90694427 144.831604
41.81054306 -27.42040253 76.92584229
28.34766769 -41.18749619 32.68551636
28.34766769 -41.18749619 167.3144836
-2.933196783 49.91389084 39.97161865
-49.87495041 -3.534026623 112.3920593
-49.94974518 2.241184235 111.0387955
-11.1200037 -48.74777603 145.6837769
40.81492615 28.8815155 122.5923462
45.7757988 -20.11408234 185.7160339
45.7757988 -20.11408234 14.2839613
7.943555832 49.36496735 37.48485947
-23.69859123 -44.02700043 113.2040939
5.007140636 -49.74865341 124.8235168
22.90872955 -44.44311142 116.6284332
43.31309128 -24.97951317 47.32064056
43.31309128 -24.97951317 152.6793518
-48.12519455 13.56338787 138.3686981
44.57934189 -22.64249229 83.24100494
38.71988297 -31.63495827 81.73357391
-36.72789383 33.92730331 97.59306335
-39.7865448 30.28251648 100
-10.87541676 48.8029213 101.5762329
-37.72610092 -32.81373596 69.60555267
-9.022271156 49.17924881 12.07652855
-6.135641098 49.62211227 17.04550552
-2.713393927 49.92631912 10.03622437
-9.930841446 49.00386047 187.5848083
-2.713393927 49.92631912 189.9637756
16.9967556 47.02244568 103.5168152
-47.06980896 -16.86514091 34.30805969
13.20319653 -48.22525787 15.51692104
13.20319653 -48.22525787 184.483078
5.867410183 -49.65454102 154.9266205
6.441647053 -49.5833168 44.98178864
6.935378551 -49.51667023 56.54352951
-48.92695999 -10.30304146 160.4324951
-46.53836823 18.28059578 79.21612549
25.75566864 42.85610199 120.2442169
47.41833115 -15.85880852 149.6001282
10.29033089 48.92963409 119.9245377
14.69715309 47.79114532 82.66371155
49.79698181 -4.501170158 131.8798065
-33.91284943 36.74123764 67.03266144
12.72504616 48.35362625 142.3944855
-40.14517975 -29.80544662 108.9794846
-48.44044495 12.39044762 131.6157227
48.44290543 -12.38083172 83.96622467
-3.601613998 49.87011337 195.3073273
-3.611115694 49.86942673 4.695985317
-49.42601395 -7.554421902 99.60176086
-49.388237 7.797569752 142.4328003
-49.97901917 1.448279023 105.2820435
-19.63055611 45.98522949 38.70561981
-22.43097305 44.68614197 46.21033859
-9.920868874 -49.00588226 105.5663147
-43.64286041 -24.39878654 74.62322998
-6.868690968 49.52596283 70.3403244
-45.62610245 -20.45137405 161.4582825
-25.60583878 -42.94579315 41.29870605
47.54559326 15.47308636 149.4183197
-2.021330833 -49.95912552 85.5631485
6.080218792 -49.62893295 116.1826706
16.64595413 47.14776993 30.2479248
16.44364357 47.21870804 169.7735748
-4.653384209 49.7829895 137.8952484
1.513773561 -49.9770813 107.353157
-11.13122272 48.74521255 141.4802856
24.83400536 43.39668274 154.029892
47.46116257 15.73016739 163.6901855
48.59064484 11.78766727 167.8690643
47.46116257 15.73016739 36.30980682
48.59064484 11.78766727 32.13093185
49.79367065 4.537681103 125.095192
37.51251984 -33.05769348 187.4537964
37.51251984 -33.05769348 12.54620743
-20.55940056 -45.57752609 150.3936615
-0.978156209 -49.99043274 37.14677429
-6.294921875 -49.60215759 17.53834343
-6.294921875 -49.60215759 182.4616547
-8.431077957 49.28404236 22.54621124
-20.85937119 45.44102478 103.3184967
48.60117722 -11.74417686 32.08441925
48.60117722 -11.74417686 167.9155731
-32.22917938 -38.2266922 90.84210968
44.89668274 22.00654221 184.1567078
44.89668274 22.00654221 15.84329414
-4.693017483 49.77927017 171.1960449
-21.82210159 44.98661804 56.79603958
-24.56256676 43.55089188 51.94173813
29.73446846 -40.19778061 52.88681412
43.04673767 25.43577003 101.8743286
29.53329849 40.34580994 54.11727524
-43.8875351 23.95588493 24.77136993
-43.8875351 23.95588493 175.2286224
48.80940247 10.84630108 160.0654449
48.78901291 10.93765259 39.94823837
35.12357712 35.58559418 107.2874756
18.5284481 -46.44024658 75.24506378
0.5180456042 -49.99731445 173.6799774
18.49417877 -46.45390701 64.04518127
2.854990959 -49.9184227 162.4752045
-28.39862823 41.15237427 48.09595108
-29.14471054 40.62740326 62.08533859
-38.93636322 31.36812973 175.0249786
-40.02954865 29.96056366 24.91572762
45.34683228 21.06335068 36.87854385
45.34683228 21.06335068 163.12146
-33.10981369 37.46652222 155.7147369
29.75662994 -40.18137741 147.2687225
-43.83122635 24.05875206 164.7139587
-43.83122635 24.05875206 35.28603363
20.51162529 -45.59904861 109.3295364
-45.46954727 20.79711914 99.44615936
-12.20667458 48.48708344 90.13174438
-12.55356407 -48.39842987 86.96704865
44.78835678 22.22618103 93.67689514
-31.44544601 38.87395096 114.041153
48.33696747 12.78818607 84.25543213
37.52696228 33.0412941 40.67485046
37.52696228 33.0412941 159.3251495
-16.63686943 47.15097427 126.6252441
49.82666397 4.159759998 132
45.34724808 -21.06245613 36.76734543
45.34724808 -21.06245613 163.2326508
25.33532906 43.10593033 46.085392
-41.01273346 28.59992409 104.2411575
9.783669472 49.0334549 187.9972839
9.783669472 49.0334549 12.00271511
48.12945175 13.54827404 117.6378403
-5.767295361 49.6662674 91.80168915
42.53061295 26.28967476 64.36197662
31.09338951 -39.15611267 88.77903748
-39.68877792 30.41054153 43.52421188
-49.41955566 7.596549988 112.6711502
12.30681229 48.46176147 152.0343781
-38.8338623 -31.4949379 43.48999786
-26.19319916 -42.59009552 4.095788002
-26.19319916 -42.59009552 195.9042053
-46.08502197 19.39512062 120.6377029
-36.25196457 34.43537521 152.1784515
-39.72095871 -30.36849403 141.5132141
49.67147064 5.722335815 100.2607346
-10.98882961 -48.7775116 93.9983902
-42.89603424 25.6891098 99.31095886
-49.84763336 -3.900422096 121.7228928
-49.83330917 -4.079378128 127.3113785
-19.54448318 46.02187729 51.78777695
-49.99436951 0.7502534986 125.920639
-32.1729126 38.2740593 105.5479889
8.346898079 49.29837036 164.0951843
17.30992699 -46.90806198 194.6127167
17.30992699 -46.90806198 5.387279034
36.78744507 33.86272049 57.80822372
-38.57193756 31.81517792 4.650636673
-38.57193756 31.81517792 195.3493652
49.74409103 5.052270412 58.56219101
-17.81410217 -46.71892166 56.05851746
27.48429871 -41.76856995 115.8310318
0.02016286366 49.99999619 185.0071106
-0.5451089144 49.99702835 15.61925602
36.28352356 34.4021225 97.9826355
32.70210648 -37.82290649 21.67378235
32.70210648 -37.82290649 178.3262177
-10.21225643 -48.9459877 47.76020432
4.236009598 49.82024002 66.61523438
-20.91678047 45.41462708 165.1135406
-49.48790741 -7.137722492 131.9332428
-34.4274025 -36.25953674 182.1737518
-25.37829399 -43.08064651 76.42106628
4.332445621 -41.33547974 0
-38.83758545 14.94440651 0
31.15567398 -27.90876007 0
-38.29961395 -15.68333912 0
20.52071762 16.22981644 0
29.88382721 15.4184103 0
22.79786491 7.967652798 0
5.193325996 25.56850815 0
-3.670696259 23.18226433 0
0.1709309965 33.62649536 0
-33.30966187 -23.39129639 0
-29.22564125 -16.76023674 0
21.86526108 35.68086243 0
41.94953537 -2.871406317 0
-21.61446953 36.06391144 0
0.01758456789 0.004508492537 0
4.597990036 7.101788044 0
8.556619644 -0.4983767569 0
14.00269508 6.03582716 0
15.44739151 -1.062900424 0
13.37225437 -7.96860218 0
-3.880832672 7.35283947 0
2.110089684e-14 14.70567894 0
-8.13007164 14.62334919 0
-12.96032524 21.27527618 0
-11.83087158 7.058004856 0
-13.26932526 -8.217900276 0
-4.483592033 -7.269868851 0
-8.344891548 -14.68863487 0
-0.4983719289 -14.03073978 0
8.622471809 13.27929974 0
-8.236530304 -0.1944049448 0
-15.97214603 -0.0940136537 0
-22.49410439 -35.94906616 0
4.004461765 -7.225353241 0
7.653584003 -14.30600071 0
20.83920097 -36.57016373 0
-42.04051208 -1.9534235 0
-8.786367416 -28.21120834 0
-12.38063049 -21.51009369 0
-3.85212183 -21.49283791 0
25.59339142 27.50424194 0
17.26193047 28.10452843 0
12.8873024 35.2905426 0
-19.05498505 -13.19009686 0
-20.99225426 -6.612942696 0
-23.9724369 1.091192722 0
-28.6869278 -6.929969311 0
-16.67348289 13.39909172 0
-20.75049591 21.10832214 0
-21.97872734 8.952483177 0
-29.01118469 7.586792469 0
15.45461559 -15.77319622 0
20.39230347 -10.95971203 0
10.23466969 -22.01959991 0
18.9609642 -22.65517807 0
-17.40758324 27.97246552 0
-25.95241165 27.88645744 0
-13.14414597 34.71896362 0
32.8660202 -2.895830154 0
36.89761734 4.055521965 0
36.72704315 -10.23641682 0
27.71164894 -9.675185204 0
25.68783379 -2.213059187 0
15.2522707 -29.43092918 0
22.57538223 -29.91682053 0
11.13233948 -36.47919464 0
-33.02359009 -0.002085483167 0
-36.90509033 -6.532859325 0
-37.52537918 6.725754261 0
31.01371765 8.197968483 0
38.20215607 12.88318539 0
-6.889647484 30.98204994 0
-5.864695072 39.88729095 0
7.597306252 -29.28802681 0
2.117339134 -25.4007225 0
-1.018281341 -33.58589172 0
-17.33718872 -28.13291359 0
-13.1836319 -34.55607224 0
-26.09771919 -27.92704391 0
-21.08068085 -20.64400291 0
28.76411247 33.49082947 0
16.78191566 40.83353043 0
-42.82418442 -10.28117752 0
28.40989876 -33.63258362 0
-42.89806747 9.743723869 0
10.79905987 -42.64272308 0
-15.36463547 -41.17891693 0
-7.641030312 -39.81874466 0
43.3657341 8.540948868 0
-12.07894135 42.51703262 0
33.05735397 23.3567791 0
25.69636917 20.94468117 0
5.803318977 40.05807114 0
7.005673409 32.38756561 0
43.29272079 -10.38969612 0
-28.99728775 33.90286636 0
-28.96608925 -33.81609726 0
4.854044914 19.07707977 0
12.82558537 20.54315567 0
-2.43210125 -43.6436348 0
38.83156586 19.79101944 0
0.004753015935 43.58411407 0
5.510952473 -35.17214966 0
-38.27502441 21.5387001 0
-29.76431274 16.40973091 0
-32.70310593 24.65006638 0
-33.59793854 11.44137573 0
25.67703629 -24.39089203 0
28.47452736 -18.61800575 0
-32.96683502 -11.71805286 0
36.95420837 -24.20192337 0
36.8102684 -17.94778252 0
-27.25997353 -22.29130173 0
11.74902153 42.62387848 0
32.64421082 29.81929016 0
20.1072998 22.5363903 0
11.03476334 28.37886047 0
32.17390442 -14.03730869 0
15.30548477 12.42941189 0
-38.76225662 -21.97362328 0
-27.1099453 21.77511215 0
-7.015854359 -33.73548126 0
44.66873169 2.757908106 0
-17.82286453 41.05179977 0
-23.4639492 14.93023682 0
-33.11184692 -29.99508667 0
-3.178159952 -28.0955162 0
20.55648041 -5.081341267 0
22.34095192 -16.67230034 0
-24.99770737 -12.33686829 0
-14.22593403 -15.85744858 0
-11.08267879 27.19006538 0
28.74734497 2.34019208 0
21.2066021 1.33106184 0
3.551128149 -18.91890526 0
41.97709274 -15.81968498 0
-33.15264511 30.21987534 0
-17.59993553 5.845967293 0
16.23796654 -41.79357529 0
-44.6065712 4.516142845 0
-10.02109718 -44.41020966 0
4.332445621 -41.33547974 200
-38.83758545 14.94440651 200
31.15567398 -27.90876007 200
-38.29961395 -15.68333912 200
22.79786491 7.967652798 200
29.88382721 15.4184103 200
20.52071762 16.22981644 200
5.193325996 25.56850815 200
0.1709309965 33.62649536 200
-3.670696259 23.18226433 200
-33.30966187 -23.39129639 200
-29.22564125 -16.76023674 200
21.86526108 35.68086243 200
41.94953537 -2.871406317 200
-21.61446953 36.06391144 200
0.01758456789 0.004508492537 200
8.556619644 -0.4983767569 200
4.597990036 7.101788044 200
14.00269508 6.03582716 200
15.44739151 -1.062900424 200
13.37225437 -7.96860218 200
-3.880832672 7.35283947 200
2.110089684e-14 14.70567894 200
-12.96032524 21.27527618 200
-8.13007164 14.62334919 200
-11.83087158 7.058004856 200
-8.344891548 -14.68863487 200
-4.483592033 -7.269868851 200
-13.26932526 -8.217900276 200
-0.4983719289 -14.03073978 200
8.622471809 13.27929974 200
-8.236530304 -0.1944049448 200
-15.97214603 -0.0940136537 200
-22.49410439 -35.94906616 200
4.004461765 -7.225353241 200
7.653584003 -14.30600071 200
20.83920097 -36.57016373 200
-42.04051208 -1.9534235 200
-8.786367416 -28.21120834 200
-3.85212183 -21.49283791 200
-12.38063049 -21.51009369 200
17.26193047 28.10452843 200
25.59339142 27.50424194 200
12.8873024 35.2905426 200
-19.05498505 -13.19009686 200
-20.99225426 -6.612942696 200
-28.6869278 -6.929969311 200
-23.9724369 1.091192722 200
-20.75049591 21.10832214 200
-16.67348289 13.39909172 200
-21.97872734 8.952483177 200
-29.01118469 7.586792469 200
15.45461559 -15.77319622 200
20.39230347 -10.95971203 200
10.23466969 -22.01959991 200
18.9609642 -22.65517807 200
-17.40758324 27.97246552 200
-25.95241165 27.88645744 200
-13.14414597 34.71896362 200
32.8660202 -2.895830154 200
36.89761734 4.055521965 200
36.72704315 -10.23641682 200
25.68783379 -2.213059187 200
27.71164894 -9.675185204 200
15.2522707 -29.43092918 200
22.57538223 -29.91682053 200
11.13233948 -36.47919464 200
-33.02359009 -0.002085483167 200
-36.90509033 -6.532859325 200
-37.52537918 6.725754261 200
31.01371765 8.197968483 200
38.20215607 12.88318539 200
-6.889647484 30.98204994 200
-5.864695072 39.88729095 200
7.597306252 -29.28802681 200
2.117339134 -25.4007225 200
-1.018281341 -33.58589172 200
-17.33718872 -28.13291359 200
-13.1836319 -34.55607224 200
-26.09771919 -27.92704391 200
-21.08068085 -20.64400291 200
28.76411247 33.49082947 200
16.78191566 40.83353043 200
-42.82418442 -10.28117752 200
28.40989876 -33.63258362 200
-42.89806747 9.743723869 200
10.79905987 -42.64272308 200
-15.36463547 -41.17891693 200
-7.641030312 -39.81874466 200
43.3657341 8.540948868 200
-12.07894135 42.51703262 200
33.05735397 23.3567791 200
25.69636917 20.94468117 200
7.005673409 32.38756561 200
5.803318977 40.05807114 200
43.29272079 -10.38969612 200
-28.99728775 33.90286636 200
-28.96608925 -33.81609726 200
4.854044914 19.07707977 200
12.82558537 20.54315567 200
-2.43210125 -43.6436348 200
38.83156586 19.79101944 200
0.004753015935 43.58411407 200
5.510952473 -35.17214966 200
-38.27502441 21.5387001 200
-29.76431274 16.40973091 200
-32.70310593 24.65006638 200
-33.59793854 11.44137573 200
28.47452736 -18.61800575 200
25.67703629 -24.39089203 200
-32.96683502 -11.71805286 200
36.95420837 -24.20192337 200
36.8102684 -17.94778252 200
-27.25997353 -22.29130173 200
11.74902153 42.62387848 200
32.64421082 29.81929016 200
20.1072998 22.5363903 200
11.03476334 28.37886047 200
32.17390442 -14.03730869 200
15.30548477 12.42941189 200
-38.76225662 -21.97362328 200
-27.1099453 21.77511215 200
-7.015854359 -33.73548126 200
44.66873169 2.757908106 200
-17.82286453 41.05179977 200
-23.4639492 14.93023682 200
-33.11184692 -29.99508667 200
-3.178159952 -28.0955162 200
20.55648041 -5.081341267 200
22.34095192 -16.67230034 200
-24.99770737 -12.33686829 200
-14.22593403 -15.85744858 200
-11.08267879 27.19006538 200
28.74734497 2.34019208 200
21.2066021 1.33106184 200
3.551128149 -18.91890526 200
41.97709274 -15.81968498 200
-33.15264511 30.21987534 200
-17.59993553 5.845967293 200
16.23796654 -41.79357529 200
-44.6065712 4.516142845 200
-10.02109718 -44.41020966 200
