// ================================================================================
// CHRONO WORKBENCH - github.com/Concrete-Chrono-Development/chrono-preprocessor
//
// Copyright (c) 2023 
// All rights reserved. 
//
// Use of the code that generated this file is governed by a BSD-style license that
// can be found in the LICENSE file at the top level of the distribution and at
// github.com/Concrete-Chrono-Development/chrono-preprocessor/blob/main/LICENSE
//
// ================================================================================
// Node Data File
// ================================================================================
//
// Data Structure:
// X Y Z 
//
// ================================================================================
0 0 0
0 10 10
0 10 0
0 0 10
0 10 20
0 5 15
1.568476116e-13 -1.110223025e-15 20
0 15 5
0 20 10
0 20 0
0 15 15
1.568476116e-13 20 20
7.07106781 8.084251404 22.92893219
7.07106781 -1.570092458e-15 22.92893219
10 2.719262148e-31 30
10 10 30
5.043464184 14.97211075 21.36498642
7.07106781 20 22.92893219
8.752109528 14.96723938 25.1625843
10 20 30
10 20 130
20.39638519 20 127.0360641
10 20 120
30 20 0
35.1210556 20 10.38124275
40 20 0
80 20 0
84.84151459 20 10.33791447
90 20 0
17.0208149 20 157.0502472
10 20 150
7.07106781 20 157.0710754
40 20 180
34.3315773 20 169.2778778
30 20 180
103.3182373 20 23.18281746
110 20 30
112.9289322 20 22.92893219
16.6817627 20 23.18281746
110 20 150
102.7034225 20 155.6317139
112.9289322 20 157.0710754
90 20 180
85.27772522 20 169.5097504
80 20 180
50 20 0
55.01996994 20 10.53685379
60 20 0
83.31484985 20 21.33426285
94.07189941 20 19.3578167
75.13990784 20 15.24781418
36.75647736 20 21.11082458
25.92810059 20 19.3578167
44.59809494 20 15.55111027
59.10951233 20 134.7538605
54.8651123 20 146.2546997
65.76820374 20 143.3087616
69.84461212 20 153.9431305
76.59942627 20 146.1630096
60.47595978 20 55.38421631
49.3513298 20 57.82374191
55.19780731 20 65.0169754
45.1167984 20 67.1243515
59.59315872 20 95.37858582
64.68822479 20 85
53.83298111 20 83.17263031
60.09309006 20 74.49738312
99.68280029 20 94.83394623
110 20 100
110 20 90
96.22998047 20 9.367147446
100 20 0
20 20 0
23.76807213 20 9.369403839
71.96064758 20 119.2061615
59.66878891 20 115.5822449
63.65929413 20 124.9503174
73.59835052 20 131.3562164
10 20 100
20.30636215 20 95.10887146
10 20 90
23.84636497 20 170.670639
20 20 180
26.19488525 20 161.2554321
66.0303421 20 10.1270771
70 20 0
59.67986298 20 20.10898399
100 20 180
96.4016571 20 170.6195984
93.80592346 20 161.2394104
42.49259567 20 146.0773315
48.00005341 20 153.2375641
71.59204865 20 57.14767456
65.30175781 20 65.8976059
75.21970367 20 67.00991821
110 20 70
99.90486145 20 78.73690796
110 20 80
86.97924042 20 82.35746765
91.27790833 20 73.34404755
95.21711731 20 87.76643372
51.76596832 20 46.93321228
10 20 80
19.95947075 20 78.35272217
10 20 70
27.88671494 20 71.74340057
30.79657936 20 81.28424835
24.60689735 20 87.19275665
77.02838135 20 85.7576828
69.78067017 20 94.62753296
79.49124908 20 95.73818207
73.08760071 20 103.5982895
62.66792679 20 45.8779335
56.85445023 20 37.67863083
22.80764008 20 62.00105286
34.05427551 20 64.10888672
49.5229187 20 92.04759216
42.1639061 20 85.30944824
40.6150589 20 96.1799469
53.96133423 20 125.9527817
50.23206329 20 117.8357391
70.30715179 20 75.67141724
110 20 130
101.676506 20 136.2544098
110 20 140
97.56747437 20 127.7311401
92.0959549 20 137.0651245
49.83246994 20 139.1083069
37.51316833 20 136.8256378
44.76070404 20 131.2397003
79.16666412 20 30.83333397
73.04651642 20 23.80262375
68.68730164 20 31.09927368
50 20 180
43.82579803 20 171.9576569
43.32167816 20 162.4228363
51.4757309 20 168.0875397
30.73642349 20 27.65150642
40.63336182 20 30.39490128
89.20417786 20 27.73970032
17.83411407 20 135.5963135
10 20 140
27.26825523 20 136.4378662
6.21320343 20 15
6.21320343 20 165
1.545127416e-13 20 160
0 20 170
113.7867966 20 165
120 20 160
120 20 170
120 20 20
120 20 10
113.7867966 20 15
102.8314972 20 32.48613358
110 20 40
10 20 40
17.14595413 20 32.45723724
75.3710556 20 172.1723175
70 20 180
66.59080505 20 168.4068756
74.98675537 20 162.9449615
84.81590271 20 158.9082031
51.57639694 20 28.14720535
47.65099716 20 36.64700699
43.4654541 20 43.94316483
80.84585571 20 75.09200287
84.26273346 20 66.41147614
87.24512482 20 127.8274155
80.77075958 20 136.0491943
46.2366066 20 76.30235291
110 20 60
100.896286 20 69.68174744
99.66145325 20 61.1517067
34.53167725 20 151.8820801
30.88394165 20 144.6118774
33.73716736 20 127.8078384
10 20 110
18.83443832 20 106.1510849
29.7313633 20 100.1858826
101.6772079 20 106.5141373
110 20 110
90.04026794 20 100.8053589
32.83760452 20 91.00136566
18.98292923 20 69.40309906
10 20 60
34.43805695 20 159.9585114
77.78622437 20 154.0525665
84.3841095 20 151.7244263
37.42490387 20 74.15952301
87.88189697 20 92.28291321
110 20 50
102.6369858 20 54.79268265
98.03009796 20 48.53336716
73.57920837 20 37.18449783
82.69608307 20 41.25838852
72.73159027 20 45.41355896
101.3815994 20 41.0361824
95.07770538 20 34.49476624
10 20 50
18.47885895 20 41.13119125
22.97408295 20 48.1248436
24.78698349 20 34.32139206
17.34328461 20 54.63497543
15.87541199 20 145
104.1602631 20 145
97.69693756 20 149.1626892
57.02628708 20 105.7655716
65.44036865 20 102.1741562
45.11097336 20 22.98462296
32.59437943 20 36.26457596
44.98098373 20 7.008543491
75.07374573 20 6.953412056
51.70137024 20 19.62675858
67.27329254 20 110.2254486
61.72239685 20 152.5762787
80.19472504 20 51.64719391
67.93656921 20 18.84414864
87.67411041 20 35.23564148
10 20 180
7.738267422 20 172.9120941
0 20 180
14.90981579 20 167.721283
112.261734 20 172.9120941
120 20 180
110 20 180
105.0901871 20 167.721283
120 20 0
112.3239594 20 7.071137905
110 20 0
105.313591 20 12.25017643
7.676041126 20 7.071137905
10 20 0
14.68640709 20 12.25017643
58.74596786 20 160.5479126
50.71311569 20 160.4055786
60.43733215 20 29.70215607
88.85474396 20 145.19104
101.8780136 20 119.6380157
110 20 120
96.27818298 20 113.7439804
72.36366272 20 138.096344
12.05546379 20 161.6123047
108.0226593 20 18.38722801
11.97734356 20 18.38722801
16.97454643 20 86.130867
102.9609528 20 86.26745605
107.2677689 20 161.6555328
51.64255142 20 111.4371338
45.37021255 20 105.4022446
27.99572563 20 118.5497665
36.43186951 20 119.091217
36.57516861 20 111.336235
79.34292603 20 59.98333359
86.27010345 20 57.38189697
84.60333252 20 113.1356201
83.35780334 20 120.966011
91.59241486 20 118.8681183
17.74802589 20 118.5247192
23.46330261 20 113.2238312
58.98109818 20 172.256958
60 20 180
40.69845963 20 154.3488159
77.84339905 20 125.1987991
88.79524994 20 49.06510544
43.37170029 20 122.805275
41.00836945 20 59.22617722
34.95658493 20 55.23533249
39.56227875 20 38.4730835
33.46720505 20 45.1157608
41.95722198 20 51.60438538
23.05584526 20 27.39415359
96.90070343 20 27.45224762
90.60430908 20 109.200882
27.14963531 20 54.94533157
82.20413971 20 105.7406158
100.6621475 20 163.1642151
22.04149437 20 141.3438721
21.68233681 20 148.6672821
94.08943939 20 55.85490799
19.59671593 20 163.2901001
26.98458672 20 153.9712677
92.34285736 20 153.8070984
19.47076416 20 16.93404007
100.5292358 20 16.93404007
66.17242432 20 38.68897247
92.27581024 20 41.60390854
66.22354889 20 160.1341705
66.89980316 20 134.493103
29.01407242 20 108.6895218
104.8251801 20 5.322694302
15.17471981 20 5.32281208
43.93725967 20 114.6513062
77.08113861 20 112.1453552
66.86688232 20 50.95584488
97.78136444 20 142.1946869
52.57553482 20 72.16998291
15.3037796 20 174.5725098
104.7142944 20 174.5687866
37.03863907 20 103.2983551
51.05091095 20 99.74452972
16.09640312 20 150.4338531
52.32593918 20 132.7810822
26.46030045 20 40.99155426
65.78623962 20 24.93424988
54.80932999 20 154.6044006
92.46952057 20 64.63749695
14.29846954 9.936224937 0
10 0 0
20 0 0
35 10 0
30 0 0
40 0 0
55 10 0
50 0 0
60 0 0
75 10 0
70 0 0
80 0 0
95.1388855 10.20833302 0
100 0 0
90 0 0
106.0292664 9.853671074 0
110 0 0
24.88307762 9.989370346 0
45 10 0
65 10 0
85.02314758 10.03472233 0
7.10555315 12.65937233 0
113.207962 12.97502899 0
120 10 0
120 0 0
113.9336929 6.361441135 0
6.280804634 6.519119263 0
20.39638519 0 127.0360641
10 0 130
10 0 120
35.1210556 0 10.38124275
84.84151459 0 10.33791447
10 3.625682786e-31 150
17.0208149 0 157.0502472
7.07106781 1.570092458e-15 157.0710754
40 0 180
30 0 180
34.3315773 0 169.2778778
110 0 30
103.3182373 0 23.18281746
112.9289322 -1.570092458e-15 22.92893219
16.6817627 0 23.18281746
110 0 150
112.9289322 1.570092458e-15 157.0710754
102.7034225 0 155.6317139
90 0 180
80 0 180
85.27772522 0 169.5097504
55.01996994 0 10.53685379
83.31484985 0 21.33426285
94.07189941 0 19.3578167
75.13990784 0 15.24781418
25.92810059 0 19.3578167
36.75647736 0 21.11082458
44.59809494 0 15.55111027
54.8651123 0 146.2546997
59.10951233 0 134.7538605
65.76820374 0 143.3087616
76.59942627 0 146.1630096
69.84461212 0 153.9431305
55.19780731 0 65.0169754
49.3513298 0 57.82374191
60.47595978 0 55.38421631
45.1167984 0 67.1243515
53.83298111 0 83.17263031
64.68822479 0 85
59.59315872 0 95.37858582
60.09309006 0 74.49738312
99.68280029 0 94.83394623
110 0 90
110 0 100
96.22998047 0 9.367147446
23.76807213 0 9.369403839
63.65929413 0 124.9503174
59.66878891 0 115.5822449
71.96064758 0 119.2061615
73.59835052 0 131.3562164
10 0 90
20.30636215 0 95.10887146
10 0 100
23.84636497 0 170.670639
20 0 180
26.19488525 0 161.2554321
66.0303421 0 10.1270771
59.67986298 0 20.10898399
96.4016571 0 170.6195984
100 0 180
93.80592346 0 161.2394104
48.00005341 0 153.2375641
42.49259567 0 146.0773315
65.30175781 0 65.8976059
71.59204865 0 57.14767456
75.21970367 0 67.00991821
99.90486145 0 78.73690796
110 0 70
110 0 80
91.27790833 0 73.34404755
86.97924042 0 82.35746765
95.21711731 0 87.76643372
51.76596832 0 46.93321228
10 0 70
19.95947075 0 78.35272217
10 0 80
30.79657936 0 81.28424835
27.88671494 0 71.74340057
24.60689735 0 87.19275665
69.78067017 0 94.62753296
77.02838135 0 85.7576828
79.49124908 0 95.73818207
73.08760071 0 103.5982895
62.66792679 0 45.8779335
56.85445023 0 37.67863083
34.05427551 0 64.10888672
22.80764008 0 62.00105286
40.6150589 0 96.1799469
42.1639061 0 85.30944824
49.5229187 0 92.04759216
50.23206329 0 117.8357391
53.96133423 0 125.9527817
70.30715179 0 75.67141724
110 0 130
110 0 140
101.676506 0 136.2544098
97.56747437 0 127.7311401
92.0959549 0 137.0651245
49.83246994 0 139.1083069
37.51316833 0 136.8256378
44.76070404 0 131.2397003
79.16666412 0 30.83333397
68.68730164 0 31.09927368
73.04651642 0 23.80262375
43.82579803 0 171.9576569
50 0 180
43.32167816 0 162.4228363
51.4757309 0 168.0875397
40.63336182 0 30.39490128
30.73642349 0 27.65150642
89.20417786 0 27.73970032
10 0 140
17.83411407 0 135.5963135
27.26825523 0 136.4378662
6.21320343 0 15
1.545127416e-13 1.110223025e-15 160
6.21320343 0 165
0 0 170
120 1.110223025e-15 160
113.7867966 0 165
120 0 170
120 -1.110223025e-15 20
113.7867966 0 15
120 0 10
110 0 40
102.8314972 0 32.48613358
10 0 40
17.14595413 0 32.45723724
70 0 180
75.3710556 0 172.1723175
66.59080505 0 168.4068756
74.98675537 0 162.9449615
84.81590271 0 158.9082031
51.57639694 0 28.14720535
47.65099716 0 36.64700699
43.4654541 0 43.94316483
80.84585571 0 75.09200287
84.26273346 0 66.41147614
87.24512482 0 127.8274155
80.77075958 0 136.0491943
46.2366066 0 76.30235291
100.896286 0 69.68174744
110 0 60
99.66145325 0 61.1517067
34.53167725 0 151.8820801
30.88394165 0 144.6118774
33.73716736 0 127.8078384
18.83443832 0 106.1510849
10 0 110
29.7313633 0 100.1858826
110 0 110
101.6772079 0 106.5141373
90.04026794 0 100.8053589
32.83760452 0 91.00136566
10 0 60
18.98292923 0 69.40309906
34.43805695 0 159.9585114
84.3841095 0 151.7244263
77.78622437 0 154.0525665
37.42490387 0 74.15952301
87.88189697 0 92.28291321
102.6369858 0 54.79268265
110 0 50
98.03009796 0 48.53336716
82.69608307 0 41.25838852
73.57920837 0 37.18449783
72.73159027 0 45.41355896
101.3815994 0 41.0361824
95.07770538 0 34.49476624
18.47885895 0 41.13119125
10 0 50
22.97408295 0 48.1248436
24.78698349 0 34.32139206
17.34328461 0 54.63497543
15.87541199 0 145
104.1602631 0 145
97.69693756 0 149.1626892
57.02628708 0 105.7655716
65.44036865 0 102.1741562
45.11097336 0 22.98462296
32.59437943 0 36.26457596
44.98098373 0 7.008543491
75.07374573 0 6.953412056
51.70137024 0 19.62675858
67.27329254 0 110.2254486
61.72239685 0 152.5762787
80.19472504 0 51.64719391
67.93656921 0 18.84414864
87.67411041 0 35.23564148
0 0 180
7.738267422 0 172.9120941
10 0 180
14.90981579 0 167.721283
120 0 180
112.261734 0 172.9120941
110 0 180
105.0901871 0 167.721283
112.3239594 0 7.071137905
105.313591 0 12.25017643
7.676041126 0 7.071137905
14.68640709 0 12.25017643
50.71311569 0 160.4055786
58.74596786 0 160.5479126
60.43733215 0 29.70215607
88.85474396 0 145.19104
110 0 120
101.8780136 0 119.6380157
96.27818298 0 113.7439804
72.36366272 0 138.096344
12.05546379 0 161.6123047
108.0226593 0 18.38722801
11.97734356 0 18.38722801
16.97454643 0 86.130867
102.9609528 0 86.26745605
107.2677689 0 161.6555328
51.64255142 0 111.4371338
45.37021255 0 105.4022446
27.99572563 0 118.5497665
36.57516861 0 111.336235
36.43186951 0 119.091217
79.34292603 0 59.98333359
86.27010345 0 57.38189697
91.59241486 0 118.8681183
83.35780334 0 120.966011
84.60333252 0 113.1356201
17.74802589 0 118.5247192
23.46330261 0 113.2238312
58.98109818 0 172.256958
60 0 180
40.69845963 0 154.3488159
77.84339905 0 125.1987991
88.79524994 0 49.06510544
43.37170029 0 122.805275
41.00836945 0 59.22617722
34.95658493 0 55.23533249
33.46720505 0 45.1157608
39.56227875 0 38.4730835
41.95722198 0 51.60438538
23.05584526 0 27.39415359
96.90070343 0 27.45224762
90.60430908 0 109.200882
27.14963531 0 54.94533157
82.20413971 0 105.7406158
100.6621475 0 163.1642151
22.04149437 0 141.3438721
21.68233681 0 148.6672821
94.08943939 0 55.85490799
19.59671593 0 163.2901001
26.98458672 0 153.9712677
92.34285736 0 153.8070984
19.47076416 0 16.93404007
100.5292358 0 16.93404007
66.17242432 0 38.68897247
92.27581024 0 41.60390854
66.22354889 0 160.1341705
66.89980316 0 134.493103
29.01407242 0 108.6895218
104.8251801 0 5.322694302
15.17471981 0 5.32281208
43.93725967 0 114.6513062
77.08113861 0 112.1453552
66.86688232 0 50.95584488
97.78136444 0 142.1946869
52.57553482 0 72.16998291
15.3037796 0 174.5725098
104.7142944 0 174.5687866
37.03863907 0 103.2983551
51.05091095 0 99.74452972
16.09640312 0 150.4338531
52.32593918 0 132.7810822
26.46030045 0 40.99155426
65.78623962 0 24.93424988
54.80932999 0 154.6044006
92.46952057 0 64.63749695
10 9.68112278 44.29846954
10 10 65
10 10 85
10 10 105
10 9.791666985 125.1388855
10 10.14632893 136.0292664
10 9.946853638 54.88307953
10 10 75
10 10 95
10 9.965277672 115.0231476
10 12.64609146 37.10555267
10 7.024970531 143.207962
10 10 150
10 13.63855839 143.9336853
10 6.465442657 36.28080368
120 10 10
120 10 20
120 5 15
120 15 5
120 5 5
112.9289322 11.9157486 22.92893219
110 10 30
111.3649826 5.027889729 24.95653534
115.1625824 5.032761097 21.24789047
110 9.68112278 44.29846954
110 10 65
110 10 85
110 10 105
110 9.791666985 125.1388855
110 10.14632893 136.0292664
110 9.946853638 54.88307953
110 10 75
110 10 95
110 9.965277672 115.0231476
110 12.64609146 37.10555267
110 7.024970531 143.207962
110 10 150
110 13.63855839 143.9336853
110 6.465442657 36.28080368
112.9289322 11.9157486 157.0710754
120 10 160
114.9565353 5.027889729 158.6350098
111.2478943 5.032761097 154.8374176
120 15 175
120 10 180
120 10 170
120 15 165
120 5 165
120 5 175
14.29846954 9.936224937 180
35 10 180
55 10 180
75 10 180
95.1388855 10.20833302 180
106.0292664 9.853671074 180
24.88307762 9.989370346 180
45 10 180
65 10 180
85.02314758 10.03472233 180
7.10555315 12.65937233 180
0 10 180
113.207962 12.97502899 180
113.9336929 6.361441135 180
6.280804634 6.519119263 180
0 15 175
0 10 170
0 15 165
0 10 160
0 5 175
0 5 165
7.07106781 8.084251404 157.0710754
5.043464184 14.97211075 158.6350098
8.526212692 14.95413494 155.225296
23.48173604 11.99756581 97.47016501
93.18532604 10.26348547 37.09657044
105.7050501 8.793350674 171.4705761
22.60412723 9.335424029 155.0431188
44.4465465 10.10027662 126.4325716
81.22438708 9.451210452 158.8427877
51.08228403 9.536079502 147.9082028
74.56570022 8.878841798 93.4925547
55.36315312 13.91989286 91.82808705
41.18546939 10.12413045 79.50249726
69.48835795 6.434095868 35.46632011
40.95096175 11.27865984 108.8895128
16.76670663 12.26808523 59.04975147
100.7147802 7.116533521 152.211734
97.47830679 9.77934043 7.206796783
101.6140502 12.63037116 141.318397
79.96793784 7.153625934 172.7714597
37.737759 7.584647391 6.430497069
61.28131135 7.729779595 107.6346534
72.59666774 14.15549249 28.53626516
65.55921431 9.666075073 49.72699611
72.24884051 11.07593742 17.31832862
18.81973554 7.976851513 106.2808918
27.10147212 13.78899001 77.90878719
31.12051941 10.79723213 47.85447831
79.6294282 6.679954261 104.2313548
17.04581608 11.50789565 42.97165245
25.94897952 7.93554619 140.1082198
36.89454081 14.8218302 141.8857458
17.85047578 7.718999537 76.30476068
59.78830126 13.48690232 142.7374679
81.01096555 12.73112727 120.0726351
71.89292834 14.07736068 159.0993507
86.66840608 12.39765974 129.4557593
39.07885245 7.442653511 161.4207682
102.0035295 12.30454826 93.85719742
44.01685323 8.107649253 19.95746984
51.91751767 9.769364773 82.75459986
50.64584034 4.656051019 52.59928513
16.95178122 11.61968668 6.61663412
20.17495252 6.820549808 27.26750332
41.61287717 7.417731858 54.18018987
90.56945785 13.60214694 24.39827598
59.73716159 8.965088285 120.2800661
48.83101503 11.41474967 28.65790076
56.97430739 7.752939298 13.14699132
88.86359223 13.90003707 66.186539
86.11523648 7.442735428 49.32943193
63.3525991 9.769166139 84.7524936
30.91368106 8.593520953 59.07705838
72.06775504 5.007627097 126.8269255
39.68337699 10.56675113 174.7056325
47.27682987 13.58628897 169.6254499
32.35570191 7.922009908 117.6017837
33.12240575 8.840501683 29.16414596
59.98823287 7.224118648 166.6003171
61.74230896 8.140028091 134.7924214
100.4313048 9.047931052 55.22739444
54.08790459 14.32122587 52.90739902
95.45098642 7.160785942 116.600018
55.65463815 12.55284889 66.8873148
99.56742116 8.199174226 82.69471575
44.24235555 13.33760548 153.8006404
76.61672712 10.35915505 42.02672759
99.0026683 13.48330277 165.5975195
89.99855719 12.8392816 168.1228804
105.4630033 9.075422127 18.08049186
78.90369103 10.55065639 6.872643418
93.55734151 11.8275581 89.14927069
66.22013129 8.251863658 151.5064968
57.69231148 7.925715946 24.58790106
42.70091373 13.62821336 39.86670722
49.78255346 11.13438834 4.295593396
32.0857202 6.657722586 83.81787143
106.6838997 11.79339978 161.8354113
90.57198013 6.253310527 17.50088493
70.10949356 11.89816408 174.3566353
97.42751672 11.41312869 128.5173211
74.51711897 7.622635428 142.3596236
44.38389799 6.896555952 68.82563279
77.23626412 6.1067165 69.43882662
60.25994984 12.56530028 157.9876031
51.07484364 12.86368137 113.2149177
102.8618312 5.440398395 37.95247664
24.4570076 8.100017989 166.6990658
15.71910051 12.93973739 126.3689517
85.41958688 4.369977488 133.498347
103.1732201 9.375855606 28.03439929
47.3436353 7.180373872 101.576609
51.3243924 7.183566077 158.4409398
28.15717769 3.734565048 94.47828307
86.43524549 6.34318238 91.73721355
54.93497656 8.723502219 38.49256884
87.54197949 6.866868716 72.15013144
37.79608171 5.67857463 92.69507852
97.34674909 14.0953562 71.43384354
16.54851454 6.556643953 139.7886026
32.52498728 12.10783236 167.3511101
28.58154532 16.09979463 173.9391036
15.28299623 9.997349534 16.32793701
23.03910212 6.284276095 129.6129213
24.66030741 14.96590879 127.3110141
92.60678663 14.82779039 97.61553778
29.18801868 12.30220676 67.12182706
97.44017632 4.805976941 136.8439081
87.58233276 5.884281815 99.87389214
62.55081773 15.30340666 40.67301701
63.35842145 13.26993911 74.53238995
38.55736952 5.496233552 42.73783484
20.03358571 13.37671066 171.2227719
103.1900724 10.86096382 102.6341933
68.81613807 12.80096899 66.87487345
71.36477675 10.94234471 135.2436537
88.62690522 6.032935577 9.342974199
90.16652358 9.080811527 155.1548031
45.76294119 13.75415754 140.3730623
76.96872306 12.91594779 82.14142081
112.4740855 7.993455925 13.54502843
16.08785853 6.5494575 86.12626624
33.22949263 13.3644579 124.893173
98.32789757 5.494007404 161.2841847
7.683045871 9.217389818 172.6556552
106.5968963 9.357362238 6.493630285
34.12275029 13.38387127 14.96825534
70.20189254 16.28154836 89.5597285
41.5158934 7.470471064 145.2238038
8.939957048 14.03557119 13.42641928
71.37343754 4.93677147 165.520777
74.9284369 4.925286206 58.52070358
8.138594788 6.75227185 10.27258341
29.88482612 13.32823577 158.960123
87.64443569 13.56131321 140.9758887
11.67187203 8.205791276 161.3108554
95.12554357 4.847498127 175.49372
82.71951098 12.03303361 34.07251065
84.60642127 7.351352223 111.4991068
22.59286245 14.44008599 52.39577713
83.36126453 11.85222757 149.2292008
77.31608743 12.6643986 62.52688713
99.33444025 9.067243849 46.24803634
88.61256972 15.71465445 13.72932898
67.45012134 14.94425855 5.158038389
39.53603206 14.50830084 93.83313936
32.5568297 5.445652609 14.52413459
49.59683742 9.766944865 135.0957265
83.3950263 9.537107217 15.01281423
57.96263704 14.19327124 3.784961043
23.22739183 4.821603912 69.08356923
92.68591695 8.11076722 143.1873122
57.96703039 3.79643873 5.179648454
28.00645775 5.32283949 36.83150571
65.58639727 8.713891084 25.90498951
24.55752447 9.216293276 17.13472166
17.73971701 13.50449024 113.5065813
74.81874075 15.07558446 107.9775149
59.08117388 4.943949115 67.79558998
78.07147552 15.79288389 70.85349213
70.29504139 6.187371535 101.3932778
52.13560928 5.204867234 129.3396608
37.33834442 7.010328002 64.12991563
27.68468355 4.998237137 4.356006574
32.30372635 14.73625163 101.2573778
67.71724285 4.397365236 174.2204304
46.30906091 15.82451595 100.8306194
21.73224551 6.959804703 114.8487689
19.95702069 5.672822877 174.5665768
106.0055929 16.74305967 45.20573829
27.67174047 6.218703123 106.8413367
54.75195784 16.16847385 15.75422773
35.65949502 6.014513118 73.16361666
86.13825079 7.769509192 61.01377265
30.1899264 4.200400758 125.0984237
94.74921805 4.455749727 76.02941983
16.64274629 14.92436401 163.0692534
32.35772688 13.64138375 108.7541104
75.29375615 4.657440397 50.69189975
49.21194199 14.18498851 61.43319729
67.89400139 7.351134309 8.248384581
97.13506991 11.51111731 62.30477273
22.34698438 14.1506617 146.1489485
94.44922521 15.93166086 107.232895
58.0702827 15.13029693 166.4575512
40.34820349 13.94618629 25.15829228
87.53188898 15.50548569 3.207807457
33.99336524 7.285874242 134.0439152
98.32086451 15.92361148 175.4530821
28.8396152 12.54398644 38.27667432
63.66049503 14.12578448 14.86485597
73.56348724 5.352557022 116.939892
66.19304381 14.55566312 99.63951245
23.46034982 14.76820307 109.0660229
53.12409782 13.70212458 74.74928869
8.614972214 14.14470217 166.969509
78.35882123 11.6898496 54.77688894
14.1543361 14.36342224 96.138336
63.20084568 5.665798236 74.24446646
76.71100037 4.144510583 134.513105
13.84530048 4.573777562 47.62345925
83.36292126 4.846987735 145.5806698
114.3574777 14.68158374 170.3308911
56.31571115 7.52375447 174.2120331
63.13079921 14.65551502 22.01524749
15.01760618 4.230251857 129.1615366
95.63726293 15.88465012 122.3238694
86.7127309 15.97761344 53.07498786
86.70385881 15.29659968 76.08870457
52.45160985 15.24170959 121.0087469
38.18107071 15.28879039 70.73683987
81.27159463 11.91518939 22.00717033
104.1123273 16.39103572 61.70268794
22.71213184 14.4229324 24.14744032
15.64921544 6.043829523 95.00818491
63.69415545 14.04188175 58.10723992
106.4215696 3.717657652 44.65885845
24.51091538 14.04994712 11.70239202
56.42579474 16.78563651 130.0509119
79.62689488 14.35841926 98.12807261
31.32082625 14.29966921 3.998822569
82.50065458 5.743489709 85.03239249
37.35649903 13.35130671 58.94459322
100.4056153 4.755312046 125.7445812
61.74091243 3.243445092 145.8934412
16.84428536 14.01290699 87.4631749
16.27322328 5.354183124 147.5721501
39.3964145 16.67586289 159.503139
106.3663322 4.947978131 94.87634196
42.66268105 6.762838953 34.57051124
47.62228626 5.152320302 40.42790588
81.55432328 14.81946301 90.71191574
74.52290316 15.21618303 143.2040507
101.1739256 4.981179566 66.97032548
60.34086904 4.009680372 40.58426608
83.09238759 15.50722997 109.3385012
77.71174356 12.64050195 131.0020826
17.72003582 13.85123601 34.54668743
23.70974934 10.23016123 88.33848431
15.8449481 13.4687105 149.5807748
82.05018903 5.198944152 36.74534593
104.9085918 16.22393858 132.7589921
45.37334789 7.234633001 88.6691799
59.77432398 4.740772985 156.1047732
112.6867833 14.86856181 16.90036088
83.39343544 6.626341927 27.59700154
67.17230405 4.022662588 62.0056531
55.47998143 4.526612485 99.63219582
16.13371093 16.60966433 80.87083275
16.77836573 8.05390613 67.66234726
104.626553 16.02064414 150.5051342
37.63022842 15.62891835 50.30308281
46.96217212 6.767134587 117.2966122
18.52642125 5.963268513 121.6937727
67.97043436 13.2974725 144.8922074
106.1706894 12.7869845 79.53808194
51.91991898 3.627350521 76.68953422
31.07219057 5.007698158 169.0708782
74.31879906 3.924109161 27.69309931
33.11997493 8.819269099 21.1306245
74.3239131 5.841175369 76.62364329
6.171272615 5.27827346 166.7354545
61.93454411 14.95733756 114.9981464
94.29089374 13.86474784 147.4194064
12.94110175 10.27113285 24.59524164
97.48057842 15.59340104 14.69667404
90.27564294 13.88700496 118.3586192
62.9019241 5.237816912 94.70850263
81.6645942 16.63011917 16.10937737
67.76148711 15.62180194 35.50765202
37.7980325 11.31685371 87.46206517
98.3257866 14.90533424 156.4895558
32.04567706 7.492399193 153.7912443
106.2903318 5.635272097 75.20109069
58.47587022 14.89021737 31.27115619
49.34661129 3.357198916 173.8270763
88.02876931 6.170326941 118.8869051
45.70076096 9.759971069 46.43401521
50.89076098 12.58754058 20.55877521
29.88749298 5.402847548 159.932138
31.30228068 15.91757756 56.08453385
82.21002817 14.23336765 168.1110019
16.60328743 12.65203483 134.0343499
13.28374916 13.394068 50.4769472
33.18870338 15.05705589 23.1638818
90.27489083 11.30332585 110.0912296
103.1730729 14.22613856 34.11476579
51.76132798 5.071522918 68.00656137
37.69259384 4.658273205 122.202608
93.27665121 4.832263184 28.67148775
84.79021841 14.68518395 44.98401525
71.12327922 15.93611834 53.34138673
106.4725282 16.00655795 121.8995929
88.45384399 16.03336022 155.2983783
47.25838021 13.79325875 70.6067768
93.77097711 5.578709338 64.37713251
103.9388619 9.770961032 120.2105645
40.1183244 13.2998515 119.4867609
32.72633307 4.570033007 101.2745113
106.0363975 6.405557064 87.61109283
41.51534966 4.881559813 137.586464
19.12774895 3.258723836 11.27849186
54.69844438 15.25800004 44.67826547
72.838647 13.6537221 117.4688432
102.4953746 14.87911945 112.3336686
15.83585481 3.630286803 38.01130259
28.58086793 7.421610301 174.8522035
82.28283038 2.946719556 5.721242605
53.09071832 15.1604975 101.287783
13.6697258 4.504581775 62.1206519
41.04175196 16.45771234 12.46056712
70.29368064 6.907343892 108.8188451
88.0178851 15.35900925 175.4584721
53.12558853 4.808600637 117.8897024
4.896308286 11.89997411 6.148969902
99.4658685 14.22591593 21.08274822
68.81036598 5.51984082 70.24149136
60.49445206 5.956490756 127.5404921
39.48749793 7.77593813 100.9779052
73.72127767 4.831524986 157.0741961
27.63993806 5.193647056 147.7479059
56.31195582 14.82259699 174.5764529
64.73996847 6.172615866 19.46110436
36.8964299 15.05524641 132.1441053
28.98337964 15.04805144 31.32980327
87.99767306 8.019518333 175.0395569
47.28036742 5.165401911 167.7425245
90.00375998 3.452132847 168.6212324
91.68525836 4.152593603 105.379207
17.85358368 16.07838706 73.85285406
81.18849931 3.154174346 116.9855294
71.37875752 15.57743516 167.905256
93.56286716 4.950312899 94.41896344
48.0679556 13.25499935 14.62056155
21.82134103 15.1797832 138.4739215
65.88542656 4.443215024 114.1554249
91.44795142 11.79168118 80.95654819
54.93535301 5.681033027 45.6883643
114.9961719 6.456982149 163.7780606
13.45302409 15.90530612 66.58689697
83.39074348 15.7054659 28.11410165
22.22910529 16.77099861 38.87665744
48.74395741 4.776043178 109.4347477
15.45253865 15.85616921 140.7449163
102.6254317 4.353500441 110.2216067
42.38670075 13.79841772 65.07513999
57.01294131 5.309468546 91.76236403
107.3452961 4.390492327 116.4585676
96.5481096 8.342935379 23.84243001
36.72757747 13.26564097 149.7559066
104.7927125 7.39791606 61.96876873
103.0641613 7.735796839 132.7869516
40.7660833 7.446266179 28.2565003
38.98173118 7.02128306 152.6209406
88.44982634 3.571880816 151.2379514
14.56733863 9.911069662 167.8932948
78.64081007 3.895755248 20.7048936
99.92749592 4.969241382 99.88542796
12.86975185 5.820373037 3.373677658
66.91300903 14.91248742 108.3940306
27.7714703 2.66308024 47.33724417
14.69578509 5.554517007 155.3048717
32.07916486 14.44585891 89.62008788
58.13022455 14.99262014 81.53241132
53.47844566 4.617413755 139.6162309
26.54790579 4.960430035 22.78963147
99.1656575 15.4466504 43.33670193
99.91452045 16.23089591 52.15402975
45.27507986 5.083646961 61.46603246
62.43305642 13.73460343 127.3860994
48.10235708 17.27403687 146.3474083
107.339283 15.92563149 22.80955012
48.33425302 3.554417489 9.827257188
72.06515337 15.23583661 129.2802835
33.58059074 15.74340165 116.4980957
