// ================================================================================
// CHRONO WORKBENCH - github.com/Concrete-Chrono-Development/chrono-preprocessor
//
// Copyright (c) 2023 
// All rights reserved. 
//
// Use of the code that generated this file is governed by a BSD-style license that
// can be found in the LICENSE file at the top level of the distribution and at
// github.com/Concrete-Chrono-Development/chrono-preprocessor/blob/main/LICENSE
//
// ================================================================================
// Particle Data File
// ================================================================================
//
// Data Structure:
// n x y z d
//
// ================================================================================
0 0.0 0.0 0.0 0.0
1 0.0 10.0 10.0 0.0
2 0.0 10.0 0.0 0.0
3 0.0 0.0 10.0 0.0
4 0.0 10.0 20.0 0.0
5 0.0 5.0 15.0 0.0
6 1.5684761161312982e-13 -1.1102230246251565e-15 20.0 0.0
7 0.0 15.0 5.0 0.0
8 0.0 20.0 10.0 0.0
9 0.0 20.0 0.0 0.0
10 0.0 15.0 15.0 0.0
11 1.5684761161312982e-13 20.0 20.0 0.0
12 7.071067810058594 8.084251403808594 22.928932189941406 0.0
13 7.071067810058594 -1.5700924582825668e-15 22.928932189941406 0.0
14 10.0 2.7192621480001314e-31 30.0 0.0
15 10.0 10.0 30.0 0.0
16 5.043464183807373 14.972110748291016 21.364986419677734 0.0
17 7.071067810058594 20.0 22.928932189941406 0.0
18 8.75210952758789 14.967239379882812 25.16258430480957 0.0
19 10.0 20.0 30.0 0.0
20 10.0 20.0 130.0 0.0
21 20.396385192871094 20.0 127.03606414794922 0.0
22 10.0 20.0 120.0 0.0
23 30.0 20.0 0.0 0.0
24 35.121055603027344 20.0 10.381242752075195 0.0
25 40.0 20.0 0.0 0.0
26 80.0 20.0 0.0 0.0
27 84.84151458740234 20.0 10.33791446685791 0.0
28 90.0 20.0 0.0 0.0
29 17.020814895629883 20.0 157.0502471923828 0.0
30 10.0 20.0 150.0 0.0
31 7.071067810058594 20.0 157.07107543945312 0.0
32 40.0 20.0 180.0 0.0
33 34.33157730102539 20.0 169.2778778076172 0.0
34 30.0 20.0 180.0 0.0
35 103.3182373046875 20.0 23.182817459106445 0.0
36 110.0 20.0 30.0 0.0
37 112.9289321899414 20.0 22.928932189941406 0.0
38 16.6817626953125 20.0 23.182817459106445 0.0
39 110.0 20.0 150.0 0.0
40 102.70342254638672 20.0 155.6317138671875 0.0
41 112.9289321899414 20.0 157.07107543945312 0.0
42 90.0 20.0 180.0 0.0
43 85.27772521972656 20.0 169.50975036621094 0.0
44 80.0 20.0 180.0 0.0
45 50.0 20.0 0.0 0.0
46 55.01996994018555 20.0 10.536853790283203 0.0
47 60.0 20.0 0.0 0.0
48 83.31484985351562 20.0 21.33426284790039 0.0
49 94.0718994140625 20.0 19.357816696166992 0.0
50 75.13990783691406 20.0 15.247814178466797 0.0
51 36.75647735595703 20.0 21.110824584960938 0.0
52 25.9281005859375 20.0 19.357816696166992 0.0
53 44.59809494018555 20.0 15.55111026763916 0.0
54 59.10951232910156 20.0 134.7538604736328 0.0
55 54.8651123046875 20.0 146.25469970703125 0.0
56 65.76820373535156 20.0 143.3087615966797 0.0
57 69.84461212158203 20.0 153.94313049316406 0.0
58 76.59942626953125 20.0 146.1630096435547 0.0
59 60.47595977783203 20.0 55.38421630859375 0.0
60 49.3513298034668 20.0 57.8237419128418 0.0
61 55.19780731201172 20.0 65.01697540283203 0.0
62 45.116798400878906 20.0 67.12435150146484 0.0
63 59.59315872192383 20.0 95.37858581542969 0.0
64 64.68822479248047 20.0 85.0 0.0
65 53.83298110961914 20.0 83.1726303100586 0.0
66 60.09309005737305 20.0 74.49738311767578 0.0
67 99.68280029296875 20.0 94.83394622802734 0.0
68 110.0 20.0 100.0 0.0
69 110.0 20.0 90.0 0.0
70 96.22998046875 20.0 9.367147445678711 0.0
71 100.0 20.0 0.0 0.0
72 20.0 20.0 0.0 0.0
73 23.7680721282959 20.0 9.369403839111328 0.0
74 71.96064758300781 20.0 119.20616149902344 0.0
75 59.66878890991211 20.0 115.58224487304688 0.0
76 63.65929412841797 20.0 124.9503173828125 0.0
77 73.59835052490234 20.0 131.35621643066406 0.0
78 10.0 20.0 100.0 0.0
79 20.30636215209961 20.0 95.10887145996094 0.0
80 10.0 20.0 90.0 0.0
81 23.846364974975586 20.0 170.67063903808594 0.0
82 20.0 20.0 180.0 0.0
83 26.19488525390625 20.0 161.25543212890625 0.0
84 66.03034210205078 20.0 10.127077102661133 0.0
85 70.0 20.0 0.0 0.0
86 59.67986297607422 20.0 20.108983993530273 0.0
87 100.0 20.0 180.0 0.0
88 96.40165710449219 20.0 170.61959838867188 0.0
89 93.80592346191406 20.0 161.23941040039062 0.0
90 42.49259567260742 20.0 146.07733154296875 0.0
91 48.00005340576172 20.0 153.23756408691406 0.0
92 71.59204864501953 20.0 57.147674560546875 0.0
93 65.3017578125 20.0 65.8976058959961 0.0
94 75.2197036743164 20.0 67.00991821289062 0.0
95 110.0 20.0 70.0 0.0
96 99.90486145019531 20.0 78.73690795898438 0.0
97 110.0 20.0 80.0 0.0
98 86.97924041748047 20.0 82.35746765136719 0.0
99 91.27790832519531 20.0 73.34404754638672 0.0
100 95.21711730957031 20.0 87.76643371582031 0.0
101 51.765968322753906 20.0 46.93321228027344 0.0
102 10.0 20.0 80.0 0.0
103 19.959470748901367 20.0 78.35272216796875 0.0
104 10.0 20.0 70.0 0.0
105 27.886714935302734 20.0 71.74340057373047 0.0
106 30.796579360961914 20.0 81.28424835205078 0.0
107 24.606897354125977 20.0 87.19275665283203 0.0
108 77.02838134765625 20.0 85.75768280029297 0.0
109 69.78067016601562 20.0 94.62753295898438 0.0
110 79.49124908447266 20.0 95.7381820678711 0.0
111 73.08760070800781 20.0 103.5982894897461 0.0
112 62.66792678833008 20.0 45.877933502197266 0.0
113 56.85445022583008 20.0 37.67863082885742 0.0
114 22.807640075683594 20.0 62.00105285644531 0.0
115 34.05427551269531 20.0 64.10888671875 0.0
116 49.522918701171875 20.0 92.04759216308594 0.0
117 42.16390609741211 20.0 85.3094482421875 0.0
118 40.61505889892578 20.0 96.17994689941406 0.0
119 53.961334228515625 20.0 125.9527816772461 0.0
120 50.23206329345703 20.0 117.83573913574219 0.0
121 70.3071517944336 20.0 75.67141723632812 0.0
122 110.0 20.0 130.0 0.0
123 101.67650604248047 20.0 136.25440979003906 0.0
124 110.0 20.0 140.0 0.0
125 97.56747436523438 20.0 127.73114013671875 0.0
126 92.09595489501953 20.0 137.06512451171875 0.0
127 49.83246994018555 20.0 139.10830688476562 0.0
128 37.51316833496094 20.0 136.8256378173828 0.0
129 44.760704040527344 20.0 131.2397003173828 0.0
130 79.16666412353516 20.0 30.83333396911621 0.0
131 73.04651641845703 20.0 23.802623748779297 0.0
132 68.68730163574219 20.0 31.099273681640625 0.0
133 50.0 20.0 180.0 0.0
134 43.82579803466797 20.0 171.95765686035156 0.0
135 43.321678161621094 20.0 162.42283630371094 0.0
136 51.475730895996094 20.0 168.08753967285156 0.0
137 30.73642349243164 20.0 27.651506423950195 0.0
138 40.63336181640625 20.0 30.394901275634766 0.0
139 89.20417785644531 20.0 27.739700317382812 0.0
140 17.83411407470703 20.0 135.5963134765625 0.0
141 10.0 20.0 140.0 0.0
142 27.26825523376465 20.0 136.4378662109375 0.0
143 6.213203430175781 20.0 15.0 0.0
144 6.213203430175781 20.0 165.0 0.0
145 1.5451274157710082e-13 20.0 160.0 0.0
146 0.0 20.0 170.0 0.0
147 113.78679656982422 20.0 165.0 0.0
148 120.0 20.0 160.0 0.0
149 120.0 20.0 170.0 0.0
150 120.0 20.0 20.0 0.0
151 120.0 20.0 10.0 0.0
152 113.78679656982422 20.0 15.0 0.0
153 102.83149719238281 20.0 32.48613357543945 0.0
154 110.0 20.0 40.0 0.0
155 10.0 20.0 40.0 0.0
156 17.145954132080078 20.0 32.457237243652344 0.0
157 75.37105560302734 20.0 172.1723175048828 0.0
158 70.0 20.0 180.0 0.0
159 66.59080505371094 20.0 168.40687561035156 0.0
160 74.98675537109375 20.0 162.94496154785156 0.0
161 84.81590270996094 20.0 158.908203125 0.0
162 51.57639694213867 20.0 28.147205352783203 0.0
163 47.650997161865234 20.0 36.64700698852539 0.0
164 43.4654541015625 20.0 43.94316482543945 0.0
165 80.84585571289062 20.0 75.09200286865234 0.0
166 84.26273345947266 20.0 66.4114761352539 0.0
167 87.24512481689453 20.0 127.8274154663086 0.0
168 80.77075958251953 20.0 136.0491943359375 0.0
169 46.23660659790039 20.0 76.30235290527344 0.0
170 110.0 20.0 60.0 0.0
171 100.89628601074219 20.0 69.68174743652344 0.0
172 99.66145324707031 20.0 61.15170669555664 0.0
173 34.53167724609375 20.0 151.882080078125 0.0
174 30.883941650390625 20.0 144.61187744140625 0.0
175 33.73716735839844 20.0 127.8078384399414 0.0
176 10.0 20.0 110.0 0.0
177 18.83443832397461 20.0 106.15108489990234 0.0
178 29.73136329650879 20.0 100.18588256835938 0.0
179 101.67720794677734 20.0 106.5141372680664 0.0
180 110.0 20.0 110.0 0.0
181 90.04026794433594 20.0 100.80535888671875 0.0
182 32.83760452270508 20.0 91.0013656616211 0.0
183 18.982929229736328 20.0 69.4030990600586 0.0
184 10.0 20.0 60.0 0.0
185 34.43805694580078 20.0 159.95851135253906 0.0
186 77.78622436523438 20.0 154.0525665283203 0.0
187 84.38410949707031 20.0 151.72442626953125 0.0
188 37.424903869628906 20.0 74.1595230102539 0.0
189 87.88189697265625 20.0 92.28291320800781 0.0
190 110.0 20.0 50.0 0.0
191 102.6369857788086 20.0 54.79268264770508 0.0
192 98.03009796142578 20.0 48.53336715698242 0.0
193 73.57920837402344 20.0 37.18449783325195 0.0
194 82.69608306884766 20.0 41.25838851928711 0.0
195 72.7315902709961 20.0 45.41355895996094 0.0
196 101.38159942626953 20.0 41.03618240356445 0.0
197 95.07770538330078 20.0 34.49476623535156 0.0
198 10.0 20.0 50.0 0.0
199 18.478858947753906 20.0 41.13119125366211 0.0
200 22.974082946777344 20.0 48.12484359741211 0.0
201 24.786983489990234 20.0 34.32139205932617 0.0
202 17.343284606933594 20.0 54.63497543334961 0.0
203 15.875411987304688 20.0 145.0 0.0
204 104.16026306152344 20.0 145.0 0.0
205 97.69693756103516 20.0 149.16268920898438 0.0
206 57.02628707885742 20.0 105.76557159423828 0.0
207 65.44036865234375 20.0 102.17415618896484 0.0
208 45.1109733581543 20.0 22.984622955322266 0.0
209 32.59437942504883 20.0 36.26457595825195 0.0
210 44.98098373413086 20.0 7.008543491363525 0.0
211 75.07374572753906 20.0 6.953412055969238 0.0
212 51.70137023925781 20.0 19.626758575439453 0.0
213 67.2732925415039 20.0 110.22544860839844 0.0
214 61.72239685058594 20.0 152.57627868652344 0.0
215 80.1947250366211 20.0 51.647193908691406 0.0
216 67.93656921386719 20.0 18.844148635864258 0.0
217 87.67411041259766 20.0 35.23564147949219 0.0
218 10.0 20.0 180.0 0.0
219 7.738267421722412 20.0 172.91209411621094 0.0
220 0.0 20.0 180.0 0.0
221 14.909815788269043 20.0 167.72128295898438 0.0
222 112.26173400878906 20.0 172.91209411621094 0.0
223 120.0 20.0 180.0 0.0
224 110.0 20.0 180.0 0.0
225 105.0901870727539 20.0 167.72128295898438 0.0
226 120.0 20.0 0.0 0.0
227 112.32395935058594 20.0 7.07113790512085 0.0
228 110.0 20.0 0.0 0.0
229 105.31359100341797 20.0 12.250176429748535 0.0
230 7.676041126251221 20.0 7.07113790512085 0.0
231 10.0 20.0 0.0 0.0
232 14.686407089233398 20.0 12.250176429748535 0.0
233 58.745967864990234 20.0 160.54791259765625 0.0
234 50.71311569213867 20.0 160.40557861328125 0.0
235 60.43733215332031 20.0 29.70215606689453 0.0
236 88.85474395751953 20.0 145.1910400390625 0.0
237 101.87801361083984 20.0 119.63801574707031 0.0
238 110.0 20.0 120.0 0.0
239 96.27818298339844 20.0 113.74398040771484 0.0
240 72.36366271972656 20.0 138.09634399414062 0.0
241 12.055463790893555 20.0 161.6123046875 0.0
242 108.02265930175781 20.0 18.38722801208496 0.0
243 11.977343559265137 20.0 18.38722801208496 0.0
244 16.974546432495117 20.0 86.13086700439453 0.0
245 102.96095275878906 20.0 86.2674560546875 0.0
246 107.26776885986328 20.0 161.65553283691406 0.0
247 51.64255142211914 20.0 111.4371337890625 0.0
248 45.37021255493164 20.0 105.4022445678711 0.0
249 27.995725631713867 20.0 118.54976654052734 0.0
250 36.43186950683594 20.0 119.09121704101562 0.0
251 36.57516860961914 20.0 111.33623504638672 0.0
252 79.34292602539062 20.0 59.983333587646484 0.0
253 86.27010345458984 20.0 57.38189697265625 0.0
254 84.60333251953125 20.0 113.1356201171875 0.0
255 83.35780334472656 20.0 120.96601104736328 0.0
256 91.59241485595703 20.0 118.86811828613281 0.0
257 17.74802589416504 20.0 118.52471923828125 0.0
258 23.463302612304688 20.0 113.22383117675781 0.0
259 58.98109817504883 20.0 172.2569580078125 0.0
260 60.0 20.0 180.0 0.0
261 40.69845962524414 20.0 154.34881591796875 0.0
262 77.84339904785156 20.0 125.19879913330078 0.0
263 88.79524993896484 20.0 49.06510543823242 0.0
264 43.371700286865234 20.0 122.8052749633789 0.0
265 41.00836944580078 20.0 59.22617721557617 0.0
266 34.95658493041992 20.0 55.23533248901367 0.0
267 39.562278747558594 20.0 38.47308349609375 0.0
268 33.46720504760742 20.0 45.115760803222656 0.0
269 41.95722198486328 20.0 51.60438537597656 0.0
270 23.055845260620117 20.0 27.394153594970703 0.0
271 96.90070343017578 20.0 27.452247619628906 0.0
272 90.60430908203125 20.0 109.20088195800781 0.0
273 27.149635314941406 20.0 54.94533157348633 0.0
274 82.20413970947266 20.0 105.74061584472656 0.0
275 100.66214752197266 20.0 163.16421508789062 0.0
276 22.041494369506836 20.0 141.3438720703125 0.0
277 21.682336807250977 20.0 148.6672821044922 0.0
278 94.08943939208984 20.0 55.85490798950195 0.0
279 19.596715927124023 20.0 163.29010009765625 0.0
280 26.984586715698242 20.0 153.9712677001953 0.0
281 92.34285736083984 20.0 153.80709838867188 0.0
282 19.47076416015625 20.0 16.934040069580078 0.0
283 100.52923583984375 20.0 16.934040069580078 0.0
284 66.17242431640625 20.0 38.68897247314453 0.0
285 92.27581024169922 20.0 41.60390853881836 0.0
286 66.22354888916016 20.0 160.13417053222656 0.0
287 66.8998031616211 20.0 134.49310302734375 0.0
288 29.01407241821289 20.0 108.68952178955078 0.0
289 104.82518005371094 20.0 5.322694301605225 0.0
290 15.17471981048584 20.0 5.322812080383301 0.0
291 43.937259674072266 20.0 114.65130615234375 0.0
292 77.08113861083984 20.0 112.14535522460938 0.0
293 66.86688232421875 20.0 50.95584487915039 0.0
294 97.78136444091797 20.0 142.19468688964844 0.0
295 52.57553482055664 20.0 72.16998291015625 0.0
296 15.303779602050781 20.0 174.572509765625 0.0
297 104.71429443359375 20.0 174.56878662109375 0.0
298 37.038639068603516 20.0 103.29835510253906 0.0
299 51.05091094970703 20.0 99.7445297241211 0.0
300 16.096403121948242 20.0 150.43385314941406 0.0
301 52.3259391784668 20.0 132.7810821533203 0.0
302 26.46030044555664 20.0 40.991554260253906 0.0
303 65.78623962402344 20.0 24.934249877929688 0.0
304 54.809329986572266 20.0 154.60440063476562 0.0
305 92.46952056884766 20.0 64.63749694824219 0.0
306 14.298469543457031 9.936224937438965 0.0 0.0
307 10.0 0.0 0.0 0.0
308 20.0 0.0 0.0 0.0
309 35.0 10.0 0.0 0.0
310 30.0 0.0 0.0 0.0
311 40.0 0.0 0.0 0.0
312 55.0 10.0 0.0 0.0
313 50.0 0.0 0.0 0.0
314 60.0 0.0 0.0 0.0
315 75.0 10.0 0.0 0.0
316 70.0 0.0 0.0 0.0
317 80.0 0.0 0.0 0.0
318 95.13888549804688 10.208333015441895 0.0 0.0
319 100.0 0.0 0.0 0.0
320 90.0 0.0 0.0 0.0
321 106.02926635742188 9.853671073913574 0.0 0.0
322 110.0 0.0 0.0 0.0
323 24.88307762145996 9.989370346069336 0.0 0.0
324 45.0 10.0 0.0 0.0
325 65.0 10.0 0.0 0.0
326 85.02314758300781 10.034722328186035 0.0 0.0
327 7.105553150177002 12.659372329711914 0.0 0.0
328 113.20796203613281 12.975028991699219 0.0 0.0
329 120.0 10.0 0.0 0.0
330 120.0 0.0 0.0 0.0
331 113.9336929321289 6.361441135406494 0.0 0.0
332 6.280804634094238 6.5191192626953125 0.0 0.0
333 20.396385192871094 0.0 127.03606414794922 0.0
334 10.0 0.0 130.0 0.0
335 10.0 0.0 120.0 0.0
336 35.121055603027344 0.0 10.381242752075195 0.0
337 84.84151458740234 0.0 10.33791446685791 0.0
338 10.0 3.625682785633885e-31 150.0 0.0
339 17.020814895629883 0.0 157.0502471923828 0.0
340 7.071067810058594 1.5700924582825668e-15 157.07107543945312 0.0
341 40.0 0.0 180.0 0.0
342 30.0 0.0 180.0 0.0
343 34.33157730102539 0.0 169.2778778076172 0.0
344 110.0 0.0 30.0 0.0
345 103.3182373046875 0.0 23.182817459106445 0.0
346 112.9289321899414 -1.5700924582825668e-15 22.928932189941406 0.0
347 16.6817626953125 0.0 23.182817459106445 0.0
348 110.0 0.0 150.0 0.0
349 112.9289321899414 1.5700924582825668e-15 157.07107543945312 0.0
350 102.70342254638672 0.0 155.6317138671875 0.0
351 90.0 0.0 180.0 0.0
352 80.0 0.0 180.0 0.0
353 85.27772521972656 0.0 169.50975036621094 0.0
354 55.01996994018555 0.0 10.536853790283203 0.0
355 83.31484985351562 0.0 21.33426284790039 0.0
356 94.0718994140625 0.0 19.357816696166992 0.0
357 75.13990783691406 0.0 15.247814178466797 0.0
358 25.9281005859375 0.0 19.357816696166992 0.0
359 36.75647735595703 0.0 21.110824584960938 0.0
360 44.59809494018555 0.0 15.55111026763916 0.0
361 54.8651123046875 0.0 146.25469970703125 0.0
362 59.10951232910156 0.0 134.7538604736328 0.0
363 65.76820373535156 0.0 143.3087615966797 0.0
364 76.59942626953125 0.0 146.1630096435547 0.0
365 69.84461212158203 0.0 153.94313049316406 0.0
366 55.19780731201172 0.0 65.01697540283203 0.0
367 49.3513298034668 0.0 57.8237419128418 0.0
368 60.47595977783203 0.0 55.38421630859375 0.0
369 45.116798400878906 0.0 67.12435150146484 0.0
370 53.83298110961914 0.0 83.1726303100586 0.0
371 64.68822479248047 0.0 85.0 0.0
372 59.59315872192383 0.0 95.37858581542969 0.0
373 60.09309005737305 0.0 74.49738311767578 0.0
374 99.68280029296875 0.0 94.83394622802734 0.0
375 110.0 0.0 90.0 0.0
376 110.0 0.0 100.0 0.0
377 96.22998046875 0.0 9.367147445678711 0.0
378 23.7680721282959 0.0 9.369403839111328 0.0
379 63.65929412841797 0.0 124.9503173828125 0.0
380 59.66878890991211 0.0 115.58224487304688 0.0
381 71.96064758300781 0.0 119.20616149902344 0.0
382 73.59835052490234 0.0 131.35621643066406 0.0
383 10.0 0.0 90.0 0.0
384 20.30636215209961 0.0 95.10887145996094 0.0
385 10.0 0.0 100.0 0.0
386 23.846364974975586 0.0 170.67063903808594 0.0
387 20.0 0.0 180.0 0.0
388 26.19488525390625 0.0 161.25543212890625 0.0
389 66.03034210205078 0.0 10.127077102661133 0.0
390 59.67986297607422 0.0 20.108983993530273 0.0
391 96.40165710449219 0.0 170.61959838867188 0.0
392 100.0 0.0 180.0 0.0
393 93.80592346191406 0.0 161.23941040039062 0.0
394 48.00005340576172 0.0 153.23756408691406 0.0
395 42.49259567260742 0.0 146.07733154296875 0.0
396 65.3017578125 0.0 65.8976058959961 0.0
397 71.59204864501953 0.0 57.147674560546875 0.0
398 75.2197036743164 0.0 67.00991821289062 0.0
399 99.90486145019531 0.0 78.73690795898438 0.0
400 110.0 0.0 70.0 0.0
401 110.0 0.0 80.0 0.0
402 91.27790832519531 0.0 73.34404754638672 0.0
403 86.97924041748047 0.0 82.35746765136719 0.0
404 95.21711730957031 0.0 87.76643371582031 0.0
405 51.765968322753906 0.0 46.93321228027344 0.0
406 10.0 0.0 70.0 0.0
407 19.959470748901367 0.0 78.35272216796875 0.0
408 10.0 0.0 80.0 0.0
409 30.796579360961914 0.0 81.28424835205078 0.0
410 27.886714935302734 0.0 71.74340057373047 0.0
411 24.606897354125977 0.0 87.19275665283203 0.0
412 69.78067016601562 0.0 94.62753295898438 0.0
413 77.02838134765625 0.0 85.75768280029297 0.0
414 79.49124908447266 0.0 95.7381820678711 0.0
415 73.08760070800781 0.0 103.5982894897461 0.0
416 62.66792678833008 0.0 45.877933502197266 0.0
417 56.85445022583008 0.0 37.67863082885742 0.0
418 34.05427551269531 0.0 64.10888671875 0.0
419 22.807640075683594 0.0 62.00105285644531 0.0
420 40.61505889892578 0.0 96.17994689941406 0.0
421 42.16390609741211 0.0 85.3094482421875 0.0
422 49.522918701171875 0.0 92.04759216308594 0.0
423 50.23206329345703 0.0 117.83573913574219 0.0
424 53.961334228515625 0.0 125.9527816772461 0.0
425 70.3071517944336 0.0 75.67141723632812 0.0
426 110.0 0.0 130.0 0.0
427 110.0 0.0 140.0 0.0
428 101.67650604248047 0.0 136.25440979003906 0.0
429 97.56747436523438 0.0 127.73114013671875 0.0
430 92.09595489501953 0.0 137.06512451171875 0.0
431 49.83246994018555 0.0 139.10830688476562 0.0
432 37.51316833496094 0.0 136.8256378173828 0.0
433 44.760704040527344 0.0 131.2397003173828 0.0
434 79.16666412353516 0.0 30.83333396911621 0.0
435 68.68730163574219 0.0 31.099273681640625 0.0
436 73.04651641845703 0.0 23.802623748779297 0.0
437 43.82579803466797 0.0 171.95765686035156 0.0
438 50.0 0.0 180.0 0.0
439 43.321678161621094 0.0 162.42283630371094 0.0
440 51.475730895996094 0.0 168.08753967285156 0.0
441 40.63336181640625 0.0 30.394901275634766 0.0
442 30.73642349243164 0.0 27.651506423950195 0.0
443 89.20417785644531 0.0 27.739700317382812 0.0
444 10.0 0.0 140.0 0.0
445 17.83411407470703 0.0 135.5963134765625 0.0
446 27.26825523376465 0.0 136.4378662109375 0.0
447 6.213203430175781 0.0 15.0 0.0
448 1.5451274157710082e-13 1.1102230246251565e-15 160.0 0.0
449 6.213203430175781 0.0 165.0 0.0
450 0.0 0.0 170.0 0.0
451 120.0 1.1102230246251565e-15 160.0 0.0
452 113.78679656982422 0.0 165.0 0.0
453 120.0 0.0 170.0 0.0
454 120.0 -1.1102230246251565e-15 20.0 0.0
455 113.78679656982422 0.0 15.0 0.0
456 120.0 0.0 10.0 0.0
457 110.0 0.0 40.0 0.0
458 102.83149719238281 0.0 32.48613357543945 0.0
459 10.0 0.0 40.0 0.0
460 17.145954132080078 0.0 32.457237243652344 0.0
461 70.0 0.0 180.0 0.0
462 75.37105560302734 0.0 172.1723175048828 0.0
463 66.59080505371094 0.0 168.40687561035156 0.0
464 74.98675537109375 0.0 162.94496154785156 0.0
465 84.81590270996094 0.0 158.908203125 0.0
466 51.57639694213867 0.0 28.147205352783203 0.0
467 47.650997161865234 0.0 36.64700698852539 0.0
468 43.4654541015625 0.0 43.94316482543945 0.0
469 80.84585571289062 0.0 75.09200286865234 0.0
470 84.26273345947266 0.0 66.4114761352539 0.0
471 87.24512481689453 0.0 127.8274154663086 0.0
472 80.77075958251953 0.0 136.0491943359375 0.0
473 46.23660659790039 0.0 76.30235290527344 0.0
474 100.89628601074219 0.0 69.68174743652344 0.0
475 110.0 0.0 60.0 0.0
476 99.66145324707031 0.0 61.15170669555664 0.0
477 34.53167724609375 0.0 151.882080078125 0.0
478 30.883941650390625 0.0 144.61187744140625 0.0
479 33.73716735839844 0.0 127.8078384399414 0.0
480 18.83443832397461 0.0 106.15108489990234 0.0
481 10.0 0.0 110.0 0.0
482 29.73136329650879 0.0 100.18588256835938 0.0
483 110.0 0.0 110.0 0.0
484 101.67720794677734 0.0 106.5141372680664 0.0
485 90.04026794433594 0.0 100.80535888671875 0.0
486 32.83760452270508 0.0 91.0013656616211 0.0
487 10.0 0.0 60.0 0.0
488 18.982929229736328 0.0 69.4030990600586 0.0
489 34.43805694580078 0.0 159.95851135253906 0.0
490 84.38410949707031 0.0 151.72442626953125 0.0
491 77.78622436523438 0.0 154.0525665283203 0.0
492 37.424903869628906 0.0 74.1595230102539 0.0
493 87.88189697265625 0.0 92.28291320800781 0.0
494 102.6369857788086 0.0 54.79268264770508 0.0
495 110.0 0.0 50.0 0.0
496 98.03009796142578 0.0 48.53336715698242 0.0
497 82.69608306884766 0.0 41.25838851928711 0.0
498 73.57920837402344 0.0 37.18449783325195 0.0
499 72.7315902709961 0.0 45.41355895996094 0.0
500 101.38159942626953 0.0 41.03618240356445 0.0
501 95.07770538330078 0.0 34.49476623535156 0.0
502 18.478858947753906 0.0 41.13119125366211 0.0
503 10.0 0.0 50.0 0.0
504 22.974082946777344 0.0 48.12484359741211 0.0
505 24.786983489990234 0.0 34.32139205932617 0.0
506 17.343284606933594 0.0 54.63497543334961 0.0
507 15.875411987304688 0.0 145.0 0.0
508 104.16026306152344 0.0 145.0 0.0
509 97.69693756103516 0.0 149.16268920898438 0.0
510 57.02628707885742 0.0 105.76557159423828 0.0
511 65.44036865234375 0.0 102.17415618896484 0.0
512 45.1109733581543 0.0 22.984622955322266 0.0
513 32.59437942504883 0.0 36.26457595825195 0.0
514 44.98098373413086 0.0 7.008543491363525 0.0
515 75.07374572753906 0.0 6.953412055969238 0.0
516 51.70137023925781 0.0 19.626758575439453 0.0
517 67.2732925415039 0.0 110.22544860839844 0.0
518 61.72239685058594 0.0 152.57627868652344 0.0
519 80.1947250366211 0.0 51.647193908691406 0.0
520 67.93656921386719 0.0 18.844148635864258 0.0
521 87.67411041259766 0.0 35.23564147949219 0.0
522 0.0 0.0 180.0 0.0
523 7.738267421722412 0.0 172.91209411621094 0.0
524 10.0 0.0 180.0 0.0
525 14.909815788269043 0.0 167.72128295898438 0.0
526 120.0 0.0 180.0 0.0
527 112.26173400878906 0.0 172.91209411621094 0.0
528 110.0 0.0 180.0 0.0
529 105.0901870727539 0.0 167.72128295898438 0.0
530 112.32395935058594 0.0 7.07113790512085 0.0
531 105.31359100341797 0.0 12.250176429748535 0.0
532 7.676041126251221 0.0 7.07113790512085 0.0
533 14.686407089233398 0.0 12.250176429748535 0.0
534 50.71311569213867 0.0 160.40557861328125 0.0
535 58.745967864990234 0.0 160.54791259765625 0.0
536 60.43733215332031 0.0 29.70215606689453 0.0
537 88.85474395751953 0.0 145.1910400390625 0.0
538 110.0 0.0 120.0 0.0
539 101.87801361083984 0.0 119.63801574707031 0.0
540 96.27818298339844 0.0 113.74398040771484 0.0
541 72.36366271972656 0.0 138.09634399414062 0.0
542 12.055463790893555 0.0 161.6123046875 0.0
543 108.02265930175781 0.0 18.38722801208496 0.0
544 11.977343559265137 0.0 18.38722801208496 0.0
545 16.974546432495117 0.0 86.13086700439453 0.0
546 102.96095275878906 0.0 86.2674560546875 0.0
547 107.26776885986328 0.0 161.65553283691406 0.0
548 51.64255142211914 0.0 111.4371337890625 0.0
549 45.37021255493164 0.0 105.4022445678711 0.0
550 27.995725631713867 0.0 118.54976654052734 0.0
551 36.57516860961914 0.0 111.33623504638672 0.0
552 36.43186950683594 0.0 119.09121704101562 0.0
553 79.34292602539062 0.0 59.983333587646484 0.0
554 86.27010345458984 0.0 57.38189697265625 0.0
555 91.59241485595703 0.0 118.86811828613281 0.0
556 83.35780334472656 0.0 120.96601104736328 0.0
557 84.60333251953125 0.0 113.1356201171875 0.0
558 17.74802589416504 0.0 118.52471923828125 0.0
559 23.463302612304688 0.0 113.22383117675781 0.0
560 58.98109817504883 0.0 172.2569580078125 0.0
561 60.0 0.0 180.0 0.0
562 40.69845962524414 0.0 154.34881591796875 0.0
563 77.84339904785156 0.0 125.19879913330078 0.0
564 88.79524993896484 0.0 49.06510543823242 0.0
565 43.371700286865234 0.0 122.8052749633789 0.0
566 41.00836944580078 0.0 59.22617721557617 0.0
567 34.95658493041992 0.0 55.23533248901367 0.0
568 33.46720504760742 0.0 45.115760803222656 0.0
569 39.562278747558594 0.0 38.47308349609375 0.0
570 41.95722198486328 0.0 51.60438537597656 0.0
571 23.055845260620117 0.0 27.394153594970703 0.0
572 96.90070343017578 0.0 27.452247619628906 0.0
573 90.60430908203125 0.0 109.20088195800781 0.0
574 27.149635314941406 0.0 54.94533157348633 0.0
575 82.20413970947266 0.0 105.74061584472656 0.0
576 100.66214752197266 0.0 163.16421508789062 0.0
577 22.041494369506836 0.0 141.3438720703125 0.0
578 21.682336807250977 0.0 148.6672821044922 0.0
579 94.08943939208984 0.0 55.85490798950195 0.0
580 19.596715927124023 0.0 163.29010009765625 0.0
581 26.984586715698242 0.0 153.9712677001953 0.0
582 92.34285736083984 0.0 153.80709838867188 0.0
583 19.47076416015625 0.0 16.934040069580078 0.0
584 100.52923583984375 0.0 16.934040069580078 0.0
585 66.17242431640625 0.0 38.68897247314453 0.0
586 92.27581024169922 0.0 41.60390853881836 0.0
587 66.22354888916016 0.0 160.13417053222656 0.0
588 66.8998031616211 0.0 134.49310302734375 0.0
589 29.01407241821289 0.0 108.68952178955078 0.0
590 104.82518005371094 0.0 5.322694301605225 0.0
591 15.17471981048584 0.0 5.322812080383301 0.0
592 43.937259674072266 0.0 114.65130615234375 0.0
593 77.08113861083984 0.0 112.14535522460938 0.0
594 66.86688232421875 0.0 50.95584487915039 0.0
595 97.78136444091797 0.0 142.19468688964844 0.0
596 52.57553482055664 0.0 72.16998291015625 0.0
597 15.303779602050781 0.0 174.572509765625 0.0
598 104.71429443359375 0.0 174.56878662109375 0.0
599 37.038639068603516 0.0 103.29835510253906 0.0
600 51.05091094970703 0.0 99.7445297241211 0.0
601 16.096403121948242 0.0 150.43385314941406 0.0
602 52.3259391784668 0.0 132.7810821533203 0.0
603 26.46030044555664 0.0 40.991554260253906 0.0
604 65.78623962402344 0.0 24.934249877929688 0.0
605 54.809329986572266 0.0 154.60440063476562 0.0
606 92.46952056884766 0.0 64.63749694824219 0.0
607 10.0 9.681122779846191 44.29846954345703 0.0
608 10.0 10.0 65.0 0.0
609 10.0 10.0 85.0 0.0
610 10.0 10.0 105.0 0.0
611 10.0 9.791666984558105 125.13888549804688 0.0
612 10.0 10.146328926086426 136.02926635742188 0.0
613 10.0 9.946853637695312 54.883079528808594 0.0
614 10.0 10.0 75.0 0.0
615 10.0 10.0 95.0 0.0
616 10.0 9.965277671813965 115.02314758300781 0.0
617 10.0 12.64609146118164 37.105552673339844 0.0
618 10.0 7.024970531463623 143.2079620361328 0.0
619 10.0 10.0 150.0 0.0
620 10.0 13.638558387756348 143.93368530273438 0.0
621 10.0 6.465442657470703 36.28080368041992 0.0
622 120.0 10.0 10.0 0.0
623 120.0 10.0 20.0 0.0
624 120.0 5.0 15.0 0.0
625 120.0 15.0 5.0 0.0
626 120.0 5.0 5.0 0.0
627 112.9289321899414 11.915748596191406 22.928932189941406 0.0
628 110.0 10.0 30.0 0.0
629 111.36498260498047 5.027889728546143 24.95653533935547 0.0
630 115.16258239746094 5.032761096954346 21.24789047241211 0.0
631 110.0 9.681122779846191 44.29846954345703 0.0
632 110.0 10.0 65.0 0.0
633 110.0 10.0 85.0 0.0
634 110.0 10.0 105.0 0.0
635 110.0 9.791666984558105 125.13888549804688 0.0
636 110.0 10.146328926086426 136.02926635742188 0.0
637 110.0 9.946853637695312 54.883079528808594 0.0
638 110.0 10.0 75.0 0.0
639 110.0 10.0 95.0 0.0
640 110.0 9.965277671813965 115.02314758300781 0.0
641 110.0 12.64609146118164 37.105552673339844 0.0
642 110.0 7.024970531463623 143.2079620361328 0.0
643 110.0 10.0 150.0 0.0
644 110.0 13.638558387756348 143.93368530273438 0.0
645 110.0 6.465442657470703 36.28080368041992 0.0
646 112.9289321899414 11.915748596191406 157.07107543945312 0.0
647 120.0 10.0 160.0 0.0
648 114.95653533935547 5.027889728546143 158.635009765625 0.0
649 111.24789428710938 5.032761096954346 154.83741760253906 0.0
650 120.0 15.0 175.0 0.0
651 120.0 10.0 180.0 0.0
652 120.0 10.0 170.0 0.0
653 120.0 15.0 165.0 0.0
654 120.0 5.0 165.0 0.0
655 120.0 5.0 175.0 0.0
656 14.298469543457031 9.936224937438965 180.0 0.0
657 35.0 10.0 180.0 0.0
658 55.0 10.0 180.0 0.0
659 75.0 10.0 180.0 0.0
660 95.13888549804688 10.208333015441895 180.0 0.0
661 106.02926635742188 9.853671073913574 180.0 0.0
662 24.88307762145996 9.989370346069336 180.0 0.0
663 45.0 10.0 180.0 0.0
664 65.0 10.0 180.0 0.0
665 85.02314758300781 10.034722328186035 180.0 0.0
666 7.105553150177002 12.659372329711914 180.0 0.0
667 0.0 10.0 180.0 0.0
668 113.20796203613281 12.975028991699219 180.0 0.0
669 113.9336929321289 6.361441135406494 180.0 0.0
670 6.280804634094238 6.5191192626953125 180.0 0.0
671 0.0 15.0 175.0 0.0
672 0.0 10.0 170.0 0.0
673 0.0 15.0 165.0 0.0
674 0.0 10.0 160.0 0.0
675 0.0 5.0 175.0 0.0
676 0.0 5.0 165.0 0.0
677 7.071067810058594 8.084251403808594 157.07107543945312 0.0
678 5.043464183807373 14.972110748291016 158.635009765625 0.0
679 8.526212692260742 14.954134941101074 155.2252960205078 0.0
680 23.4817360420889 11.997565812004698 97.47016501453051 9.937629331505018
681 93.18532604152972 10.263485472192537 37.09657043661331 9.932540699214616
682 105.7050501097452 8.793350674177772 171.4705761480076 9.823127618388956
683 22.60412723166477 9.335424028943063 155.04311879831366 9.659061548827339
684 44.446546500514145 10.100276615009816 126.43257159460117 9.649728008169214
685 81.22438708383224 9.451210452025268 158.84278772703016 9.64065892606367
686 51.0822840280817 9.53607950167466 147.90820276148165 9.633624031738123
687 74.56570022185598 8.878841798468121 93.4925546954106 9.624614999933517
688 55.363153121814065 13.919892857831297 91.82808704594945 9.585409890486353
689 41.18546938703679 10.12413044986515 79.50249726484016 9.486033472815683
690 69.48835795042726 6.4340958681237685 35.4663201095557 9.459960090929515
691 40.950961745202676 11.27865983659989 108.88951281930083 9.447364381166386
692 16.766706625812837 12.268085228854428 59.04975147144819 9.357015834915511
693 100.71478024895272 7.116533520656461 152.21173398628937 9.342068180826201
694 97.47830679330785 9.779340429864877 7.206796783418904 9.332032991284063
695 101.61405019982315 12.630371159644103 141.31839695374626 9.3000151163783
696 79.96793784126321 7.1536259338899635 172.77145973396813 9.226619261406992
697 37.737758998537196 7.584647390927128 6.430497068972167 9.217244664713073
698 61.2813113519908 7.72977959454269 107.63465336632784 9.177143477743101
699 72.59666773893218 14.155492487646038 28.536265162417582 9.146915024682265
700 65.5592143141214 9.666075072722327 49.72699610855962 9.115352489723126
701 72.24884050862843 11.075937423593093 17.31832862202415 9.061304259001277
702 18.819735539141725 7.976851513170402 106.28089184627677 9.04423514323156
703 27.101472121815757 13.788990013478116 77.90878719418313 9.03966460593543
704 31.120519409706837 10.797232126173075 47.85447830631456 9.034274286103505
705 79.62942820379449 6.679954261482187 104.23135480980223 8.908249127699744
706 17.04581607624444 11.507895647916639 42.971652448226905 8.840565470318701
707 25.948979520952445 7.9355461900235404 140.10821977757539 8.769763201394191
708 36.89454080558311 14.821830199015942 141.8857458388601 8.732441255776678
709 17.85047577738301 7.718999536544718 76.30476067767407 8.698618961622426
710 59.78830125643916 13.486902324799216 142.73746794809637 8.679712713972737
711 81.01096554972601 12.73112726727367 120.07263512951606 8.670206033105753
712 71.89292833508755 14.07736068333352 159.09935074876395 8.667093640596157
713 86.66840607750795 12.397659741012072 129.45575931988094 8.640152996486455
714 39.07885244858496 7.442653510748304 161.42076818947473 8.63747558260475
715 102.003529458704 12.304548263847579 93.85719741654565 8.57492381777406
716 44.01685322565159 8.107649252815765 19.95746983630756 8.552293292711994
717 51.917517665554314 9.769364773345208 82.75459985757479 8.514936438363323
718 50.645840335527055 4.65605101884892 52.59928513210447 8.496292150475728
719 16.95178122485872 11.619686683068 6.616634120327811 8.458057098375956
720 20.174952516602794 6.820549807627527 27.267503317885165 8.447141827106636
721 41.612877171504 7.4177318583052205 54.180189871831395 8.420843092193689
722 90.56945784759031 13.602146936443782 24.39827598344118 8.355080301217058
723 59.737161594937554 8.965088284678059 120.28006607649655 8.263536502066426
724 48.83101503002582 11.41474966541943 28.657900755307125 8.257969040270792
725 56.97430739224801 7.7529392984999 13.146991315743922 8.226837869811432
726 88.86359222599764 13.900037072564865 66.18653900129975 8.196774363953484
727 86.1152364818314 7.442735428332922 49.32943193062561 8.171785977648465
728 63.35259910109351 9.769166139301788 84.75249359768695 8.13429892761086
729 30.913681062959114 8.593520952688873 59.07705838016003 8.127472309338227
730 72.06775504238274 5.007627096693545 126.82692545527217 8.103751660614186
731 39.68337699118511 10.566751128645686 174.7056325438983 8.102968776982914
732 47.27682986992414 13.586288965254502 169.62544989410057 8.062205492946903
733 32.355701911361756 7.922009907821227 117.60178373869377 8.021704917910862
734 33.122405751410106 8.84050168295295 29.164145956146992 7.993018495849401
735 59.98823286690569 7.224118648373925 166.60031710793092 7.9595394161680595
736 61.74230895970631 8.140028090945922 134.79242139686195 7.952186636846889
737 100.43130481427602 9.047931051857828 55.22739444371992 7.941810791863746
738 54.08790458834256 14.321225874143266 52.90739901805314 7.891200056089518
739 95.45098642152713 7.16078594190531 116.60001802097807 7.84902378234464
740 55.65463814569188 12.552848894157027 66.88731480195054 7.806873538667355
741 99.56742115654508 8.199174226371358 82.69471574711001 7.802741027591793
742 44.24235554526946 13.33760548303113 153.80064044212403 7.796335765980961
743 76.6167271191443 10.359155050814026 42.02672758631471 7.789431460563129
744 99.00266830197071 13.483302766961671 165.59751951347602 7.767279487601523
745 89.99855718695817 12.839281602709342 168.12288036484264 7.764555894086876
746 105.46300330478557 9.075422127425815 18.080491859771882 7.7559470799252805
747 78.90369103127361 10.55065638963834 6.872643417780671 7.755081283965193
748 93.5573415062446 11.827558102227153 89.14927069330123 7.7021572155124645
749 66.22013129158998 8.251863657639628 151.5064968054594 7.688460572652963
750 57.69231148021239 7.925715946254502 24.587901060455025 7.633277941947462
751 42.70091372881146 13.628213363782898 39.866707216388534 7.542205786400292
752 49.78255346172609 11.134388339619525 4.295593395581842 7.528092720604427
753 32.085720204360825 6.657722586398576 83.81787143430566 7.519948938771873
754 106.68389974290713 11.79339977618264 161.83541130359288 7.4745031673101305
755 90.571980127078 6.253310526563036 17.500884929162687 7.465991512458076
756 70.1094935587588 11.898164078825545 174.3566353446354 7.428825646582098
757 97.4275167233446 11.413128690324259 128.51732112381262 7.426805017958927
758 74.51711897373168 7.6226354279797555 142.35962357748915 7.419241328786857
759 44.383897993817776 6.896555952073531 68.82563279149161 7.395274212086495
760 77.23626412243209 6.106716499930826 69.4388266209812 7.359323838133247
761 60.25994984090527 12.565300284684717 157.9876030743065 7.351374743402732
762 51.07484363592398 12.863681371190902 113.21491766675936 7.348278857257931
763 102.86183115481053 5.440398394939874 37.952476643083095 7.28931531668255
764 24.457007599507623 8.100017988501822 166.69906583122312 7.279656475167094
765 15.719100509516304 12.939737385105143 126.36895171782639 7.2562831385975635
766 85.41958688239569 4.369977488456951 133.4983470009321 7.23830669539886
767 103.17322012701595 9.375855605900531 28.034399288898804 7.2375082284872585
768 47.3436353004384 7.1803738720761245 101.57660896035527 7.237087456166008
769 51.32439239564775 7.183566076989423 158.440939767347 7.225885598858177
770 28.15717768732571 3.7345650475988625 94.47828306533745 7.163891264315151
771 86.43524549238474 6.3431823804699325 91.73721354664148 7.157022077846946
772 54.93497656436167 8.723502218728996 38.49256883828984 7.14687710906307
773 87.54197948949599 6.866868715506262 72.15013144011982 7.133303674345452
774 37.79608170697862 5.678574630129939 92.69507851878883 7.110454049215454
775 97.34674909346613 14.095356200049483 71.43384353518074 7.108512374182063
776 16.548514538928103 6.556643953096989 139.7886025966947 7.096571960904128
777 32.5249872761774 12.10783236122332 167.35111007871274 7.095404489008084
778 28.581545323547722 16.099794627344906 173.93910356845515 7.085315998945178
779 15.28299623299143 9.997349533877628 16.327937005391078 7.083781038071599
780 23.039102121941706 6.28427609458689 129.6129212808562 7.057376870854723
781 24.660307409614234 14.965908787803759 127.31101411878636 7.056547281239068
782 92.60678663147343 14.827790393826547 97.61553777512655 7.0134417832303235
783 29.188018679661027 12.302206759664394 67.12182705816147 6.937604878086066
784 97.44017632222668 4.805976941029382 136.8439081194018 6.910432014936676
785 87.5823327628644 5.88428181541964 99.8738921383492 6.886331557295756
786 62.550817732448095 15.303406659767774 40.67301700750444 6.87477336035567
787 63.358421452139204 13.269939108208618 74.53238994930982 6.872755440780186
788 38.5573695167215 5.496233552291767 42.73783484099638 6.8562208084140845
789 20.0335857142586 13.376710662641052 171.22277186173477 6.843109263386459
790 103.19007240229618 10.860963816625603 102.63419333722977 6.84024027939233
791 68.81613807422235 12.800968993015623 66.87487345342647 6.839288496644022
792 71.36477675021031 10.942344710713527 135.24365371967727 6.825020148501142
793 88.62690521724966 6.0329355770604485 9.342974198979825 6.82384314900046
794 90.16652358184649 9.080811527245048 155.15480311958174 6.806689502382278
795 45.76294118608533 13.754157537116175 140.37306227495247 6.782696769410941
796 76.96872306066342 12.915947787491426 82.14142080950302 6.7807622444506785
797 112.47408548974227 7.993455925337872 13.545028432887833 6.772649122609091
798 16.08785852832345 6.5494574996942845 86.12626624200414 6.771684742208915
799 33.22949263487703 13.364457899877069 124.89317301750141 6.757088159778796
800 98.32789757330615 5.494007403660572 161.28418471844682 6.755721901579549
801 7.683045871474936 9.217389818326007 172.6556552176187 6.740510873172916
802 106.59689632897202 9.357362237554959 6.493630285368845 6.738054352433832
803 34.122750293139774 13.38387127489883 14.968255344578385 6.725950044119821
804 70.20189253667073 16.281548362841363 89.55972850330419 6.703414879134258
805 41.515893403503995 7.470471063982954 145.22380380464762 6.690360229806755
806 8.939957048367111 14.035571191747367 13.426419278004891 6.686105333518122
807 71.3734375415799 4.936771470165868 165.5207769989998 6.683822802419818
808 74.9284369038732 4.925286206072979 58.520703578212135 6.663843642880638
809 8.138594788357572 6.752271850103848 10.27258340597648 6.660964636160362
810 29.88482611564427 13.32823577381371 158.960122994467 6.651718667184101
811 87.64443568819537 13.561313209823414 140.97588867842174 6.647013949928406
812 11.671872028283591 8.205791276346742 161.31085542821327 6.644628310897765
813 95.1255435653531 4.847498127067332 175.4937200007071 6.63120147976384
814 82.71951098241749 12.033033606047884 34.07251064782609 6.617773288152073
815 84.60642127271885 7.351352223084429 111.49910680262201 6.617231432179562
816 22.592862452903777 14.440085993896936 52.39577712639499 6.539351437156763
817 83.36126453186576 11.852227573211312 149.2292007874272 6.537535126012013
818 77.31608743450082 12.664398602927232 62.526887130174835 6.533194623161721
819 99.33444024637288 9.067243849378094 46.248036336160744 6.527145958533991
820 88.61256971999416 15.714654445398965 13.729328977150793 6.510040954805469
821 67.4501213436751 14.94425855102393 5.158038388695296 6.501255708846049
822 39.536032060499686 14.508300835214609 93.8331393648919 6.4958041881395365
823 32.556829695310626 5.445652609182399 14.524134593329869 6.48473203663376
824 49.596837423718824 9.766944864845835 135.0957265221115 6.476663914879097
825 83.39502630128327 9.53710721689618 15.01281423392268 6.474740476008927
826 57.962637038858055 14.19327123847217 3.784961043070171 6.466213762010769
827 23.22739183446926 4.821603912459737 69.08356922793963 6.45250584021414
828 92.68591695175425 8.11076721980156 143.18731224853065 6.447374673151799
829 57.96703038826239 3.796438730344832 5.179648453727422 6.438593648370824
830 28.006457746755267 5.3228394903236165 36.831505710808386 6.430579811027713
831 65.58639727427021 8.713891083873103 25.904989510997925 6.4270041588547215
832 24.5575244718194 9.216293275701615 17.13472166472544 6.424188736451418
833 17.73971701142319 13.504490236881356 113.50658131191736 6.418780932209086
834 74.81874074878756 15.075584463688212 107.97751493014738 6.417626473489992
835 59.08117388435575 4.9439491148521775 67.79558997632557 6.394841794019506
836 78.07147552065132 15.792883886415044 70.85349212641776 6.390869300815386
837 70.29504138758378 6.187371534544533 101.3932778018186 6.390125918495599
838 52.135609281505545 5.20486723386243 129.3396607651972 6.383639982239201
839 37.33834442321985 7.010328001814967 64.12991563463464 6.381087551915945
840 27.684683546409033 4.998237137451136 4.356006573695103 6.370919540888083
841 32.303726345423115 14.736251625450844 101.25737776114283 6.3484760160547795
842 67.71724285184938 4.397365235921172 174.22043042128212 6.315174999031921
843 46.30906091341839 15.82451595395914 100.83061935113058 6.299476549923213
844 21.732245507062316 6.95980470324801 114.84876893226769 6.2975255974967626
845 19.957020692253895 5.672822877298393 174.56657680191188 6.2962380957052835
846 106.00559292191878 16.743059670119745 45.20573829097609 6.294379566610352
847 27.67174046537365 6.21870312312272 106.84133672462838 6.290356382066292
848 54.75195784465797 16.168473848081632 15.75422773040213 6.289174845238355
849 35.6594950227888 6.014513118344837 73.16361665925557 6.280118049750464
850 86.13825079002247 7.7695091918157635 61.013772650934065 6.2731496503187945
851 30.189926403506774 4.200400757807657 125.09842374846365 6.262354684680425
852 94.74921804607192 4.45574972683297 76.02941983486808 6.243194176503203
853 16.64274629445586 14.924364014447912 163.0692533938922 6.242632427804358
854 32.35772687713733 13.641383752420838 108.75411041761153 6.220465855655558
855 75.29375614921227 4.657440396941458 50.691899751870515 6.2093521337818425
856 49.211941992867075 14.184988510187203 61.43319728905414 6.200547087603876
857 67.89400139278276 7.3511343088055074 8.248384580822552 6.188445977515203
858 97.13506990674017 11.511117312444648 62.30477272931353 6.1785039238860495
859 22.346984381969534 14.150661698572899 146.14894854231525 6.176408906873537
860 94.44922521016497 15.931660859915826 107.23289499515904 6.165413886903602
861 58.07028270001933 15.13029693151607 166.45755115521177 6.163035067588478
862 40.348203486454025 13.946186285085686 25.158292275608943 6.152439105915947
863 87.5318889765496 15.505485693174371 3.2078074567607278 6.151441693958888
864 33.99336524223745 7.285874241748211 134.04391516400054 6.1387780323233345
865 98.32086450941458 15.923611479427585 175.45308213634942 6.138660745642888
866 28.83961520061599 12.543986439793429 38.276674323413914 6.134780518354013
867 63.66049502681674 14.125784484762676 14.864855973624596 6.124901607450541
868 73.56348724355719 5.352557021612502 116.93989200606525 6.121440697404411
869 66.19304380584526 14.555663116636186 99.63951244532497 6.105550805403778
870 23.46034981763263 14.768203067783498 109.06602293163873 6.094271337418374
871 53.12409781985845 13.702124576862055 74.74928868680146 6.079447799853636
872 8.614972214323814 14.144702165921153 166.96950903706804 6.074836068238652
873 78.35882122778716 11.689849601400246 54.77688893656119 6.062364730275221
874 14.154336096837508 14.363422236567022 96.13833600019993 6.054881003217228
875 63.20084567750359 5.665798236302548 74.24446645706873 6.05177254349549
876 76.71100037421236 4.144510583395556 134.51310500421823 6.048682817733081
877 13.84530048336148 4.573777561547886 47.62345924513262 6.045990015225305
878 83.36292125630544 4.846987734948024 145.5806697651674 6.033118299519416
879 114.35747774586982 14.681583744582062 170.33089110672933 5.992382801525632
880 56.31571115469343 7.52375446981416 174.2120330862525 5.9898374800025
881 63.13079921213493 14.655515015164909 22.01524748950693 5.982838742477091
882 15.01760617604723 4.230251856828407 129.1615365507675 5.980070597798912
883 95.63726292692778 15.884650120322659 122.32386940125849 5.973733160000721
884 86.71273090496028 15.97761344464915 53.074987857650314 5.972734383256157
885 86.70385881422787 15.296599678241957 76.08870457368654 5.965681240170922
886 52.45160985362714 15.241709594000792 121.00874687733598 5.953725482132145
887 38.18107071291363 15.288790387270597 70.73683986786341 5.95195907564751
888 81.27159462936744 11.915189390026308 22.007170334362495 5.950234602636073
889 104.11232729126378 16.391035721647576 61.70268794184015 5.948421927998187
890 22.712131842860366 14.422932404734382 24.147440322573168 5.944802957619312
891 15.64921544425422 6.043829523022065 95.00818491237959 5.944059057586918
892 63.69415545150108 14.04188174628747 58.107239922758616 5.92890695142128
893 106.42156960902555 3.717657651641973 44.658858445152596 5.928441867397777
894 24.51091537590266 14.0499471172073 11.702392022416035 5.923194921146878
895 56.42579473749066 16.785636509741536 130.0509118857599 5.921924032979184
896 79.62689487719665 14.358419256686531 98.12807261165865 5.901764889888072
897 31.320826248585433 14.299669213547702 3.9988225686194143 5.884045703547906
898 82.50065458445818 5.743489709134754 85.03239248774001 5.8813551701650715
899 37.35649903210703 13.351306712509242 58.94459321850665 5.870165149444012
900 100.40561525809974 4.7553120455713795 125.74458118569184 5.868892204908836
901 61.740912432376305 3.243445091950284 145.89344124929707 5.867751395207489
902 16.844285356182375 14.012906991262092 87.46317490476862 5.84919675156386
903 16.27322327639523 5.354183124417965 147.57215007677615 5.844356204226507
904 39.39641450351093 16.675862893874758 159.5031389797091 5.826356133444347
905 106.36633221083078 4.947978130814943 94.87634195805691 5.816836379818366
906 42.66268105234564 6.762838953044028 34.57051124313526 5.812881167963485
907 47.62228625715109 5.152320301856782 40.427905880368684 5.811072789522191
908 81.55432327544864 14.819463013590097 90.71191573642994 5.810435885903615
909 74.52290316320641 15.216183033076938 143.2040507011243 5.79941092572578
910 101.1739255584808 4.981179565860176 66.97032547858377 5.790570034155012
911 60.340869040975136 4.009680371916863 40.58426608460479 5.78485994758598
912 83.09238758759558 15.50722997000437 109.33850124743714 5.778753191140863
913 77.7117435648214 12.64050195016573 131.0020825501621 5.7766549631780215
914 17.720035817656715 13.851236014062607 34.54668742997433 5.766978125755029
915 23.709749342784686 10.230161225746825 88.33848431109348 5.750070635046065
916 15.844948101708718 13.46871050142679 149.58077478229106 5.735670796150217
917 82.05018902883943 5.198944151998612 36.74534592847489 5.7297502340954445
918 104.90859178245003 16.22393857907508 132.7589921138277 5.710627372011144
919 45.37334788951834 7.234633001434927 88.66917990210307 5.68338238909892
920 59.77432397735766 4.7407729845566005 156.10477323673788 5.670253914877039
921 112.68678331135321 14.868561814870496 16.900360879929064 5.656719660811902
922 83.39343544194836 6.626341926800217 27.59700154162486 5.649246563590767
923 67.17230404586431 4.02266258780572 62.00565309725838 5.639650339615875
924 55.47998142503074 4.526612484877643 99.63219581673552 5.637697449941666
925 16.133710925637423 16.609664326890226 80.87083275202338 5.632874037910781
926 16.778365730586007 8.053906130327736 67.66234726040148 5.629733167551065
927 104.62655300764473 16.020644144511305 150.50513419344205 5.625931461338027
928 37.630228420750136 15.62891835402268 50.30308281410765 5.623871142939848
929 46.96217211726772 6.7671345869809265 117.29661218574707 5.619072098287675
930 18.526421250646578 5.963268513068374 121.69377267102139 5.613294106456339
931 67.97043436475708 13.29747249691724 144.89220739778523 5.612916421969562
932 106.17068936465662 12.786984504544279 79.53808194476532 5.5991624779470195
933 51.919918981949294 3.627350520772536 76.68953421857123 5.597726782172075
934 31.072190567106222 5.007698158401902 169.07087819674442 5.591607916023024
935 74.3187990560095 3.924109160599495 27.693099311353173 5.589065896690051
936 33.11997492934854 8.819269099282538 21.130624496575905 5.587735868253266
937 74.32391309653772 5.84117536939245 76.62364328968536 5.58247250111379
938 6.171272614963846 5.278273460071104 166.7354545005756 5.577614128529586
939 61.93454411430605 14.957337557887618 114.99814643740527 5.568359679592585
940 94.29089373705477 13.864747838986855 147.41940636452776 5.551586648103352
941 12.94110174949397 10.271132854284014 24.595241644299673 5.545983606255575
942 97.48057842415349 15.593401035640465 14.696674039082765 5.545502124534289
943 90.2756429355634 13.88700496085988 118.3586191697302 5.543430520476306
944 62.90192410189805 5.237816911899213 94.70850262725035 5.541052135929114
945 81.66459420144415 16.63011916807141 16.109377371392906 5.539819715139575
946 67.76148710758142 15.621801944831269 35.507652017278076 5.534207991600298
947 37.79803249930609 11.316853709045102 87.46206517053716 5.516153893773712
948 98.32578659505961 14.905334241367434 156.4895558498631 5.511035121883667
949 32.045677058056505 7.492399192904194 153.79124429244402 5.5074790664208795
950 106.29033180777219 5.635272097384581 75.20109069263808 5.506314760593241
951 58.47587021832893 14.890217366321028 31.271156194659245 5.504506885657675
952 49.34661129466616 3.3571989164131266 173.82707627688993 5.496907867431973
953 88.02876930932213 6.170326941086731 118.88690508103025 5.486612354693338
954 45.700760957341615 9.759971069428158 46.434015207889644 5.486495173943423
955 50.8907609794576 12.587540575782963 20.55877521183368 5.484328975259808
956 29.887492979543644 5.40284754848279 159.9321379925111 5.476358735152088
957 31.302280679344676 15.917577563979355 56.08453385289605 5.467001467206786
958 82.21002817129708 14.233367652884727 168.11100194334227 5.466974052137576
959 16.60328743167663 12.652034826782236 134.03434986583406 5.466437864972413
960 13.283749163115752 13.394068004967501 50.476947204097726 5.4604810841678315
961 33.1887033796835 15.057055894948974 23.16388179882531 5.458526854899111
962 90.27489082686824 11.303325848027455 110.09122961813372 5.452339320734719
963 103.1730729271773 14.226138564060113 34.11476578595907 5.450533321086367
964 51.76132798399298 5.071522918133933 68.00656136810663 5.450483658728563
965 37.69259384204686 4.658273205003514 122.20260795258234 5.4499720395813425
966 93.2766512089837 4.832263183502263 28.67148774538178 5.439219862887001
967 84.790218408457 14.685183947634847 44.984015249056235 5.424239458765165
968 71.12327921764265 15.936118342666626 53.34138672688371 5.421521562476883
969 106.4725282268248 16.006557947983854 121.89959294649185 5.417157428761285
970 88.45384399288346 16.033360223936988 155.29837831607642 5.41072350871067
971 47.25838020668529 13.793258750258191 70.60677679766671 5.404751536479121
972 93.77097710781895 5.57870933796573 64.37713250686069 5.400842639933209
973 103.9388619465428 9.770961032021336 120.21056451414631 5.399098637832114
974 40.11832440251882 13.299851499566058 119.48676094666305 5.39630179232526
975 32.72633307361025 4.570033007037173 101.27451134456653 5.39591395419439
976 106.03639751955134 6.4055570643922835 87.61109282585304 5.383501043834374
977 41.51534965782424 4.881559812733521 137.58646403896003 5.381927270101011
978 19.1277489520564 3.2587238363582243 11.278491856169545 5.379401262174479
979 54.698444383107656 15.25800004208931 44.67826547235832 5.379340282961465
980 72.83864700108903 13.65372210270614 117.46884322476195 5.378885626247919
981 102.4953745653778 14.879119446908554 112.3336685738177 5.378288623274382
982 15.835854808877862 3.6302868029115394 38.01130259499271 5.375257700666118
983 28.580867930232515 7.421610301056763 174.85220345554805 5.3664290414575735
984 82.28283038045524 2.94671955550614 5.721242605147579 5.3663836424360145
985 53.090718324622095 15.16049749651455 101.2877829673252 5.359070128556289
986 13.669725799013316 4.504581775193328 62.12065190113797 5.356462492931292
987 41.04175195816798 16.457712344063513 12.460567116480274 5.352819649338144
988 70.29368064329523 6.907343892377247 108.8188451430285 5.337525176712804
989 88.01788509705509 15.359009253448741 175.45847209746555 5.335944202159797
990 53.12558853105726 4.808600637346602 117.88970242770333 5.332690656688492
991 4.896308285935979 11.899974111381693 6.148969901790953 5.322137477634797
992 99.4658684982803 14.225915931784115 21.082748222868048 5.320774836547515
993 68.81036597990557 5.519840820346607 70.24149135520106 5.319206413897366
994 60.49445205920186 5.9564907564129985 127.54049207871867 5.316860842840184
995 39.48749792866893 7.775938129589387 100.97790522821144 5.310340314727072
996 73.7212776687421 4.831524986162803 157.07419611797425 5.3065540448209205
997 27.639938057709532 5.193647055706559 147.74790590484133 5.2915188053310525
998 56.31195581944496 14.822596992334853 174.57645286465254 5.288255741779423
999 64.73996847054454 6.172615865966954 19.46110436208219 5.280764675136712
1000 36.89642990021602 15.05524641223525 132.1441053393911 5.276877430908994
1001 28.983379642632187 15.048051437871111 31.32980326731686 5.272425901671425
1002 87.99767305674347 8.019518333448232 175.03955688247828 5.269915855970032
1003 47.2803674195535 5.165401911444861 167.7425245203873 5.264043945800639
1004 90.00375997928772 3.452132846957891 168.62123240350238 5.263857076366751
1005 91.68525835790928 4.1525936032281505 105.37920699781291 5.261731821727116
1006 17.853583681081354 16.07838706103073 73.85285405870036 5.257236514881187
1007 81.18849931338178 3.1541743462681593 116.98552935356355 5.236072058662961
1008 71.37875751783842 15.577435157888178 167.9052559860305 5.2295945512262225
1009 93.5628671619331 4.950312898730864 94.41896344458503 5.227223826865818
1010 48.06795560292468 13.254999345063169 14.620561552180726 5.1979481403870835
1011 21.82134103495506 15.179783201968633 138.4739214757335 5.189533637428408
1012 65.88542655883138 4.443215024093066 114.15542493858332 5.185877864925713
1013 91.44795141806398 11.791681178249341 80.95654818839422 5.1727777523119975
1014 54.93535301440953 5.681033026567976 45.688364302243386 5.172020263193062
1015 114.99617189702253 6.456982149206328 163.77806062427896 5.161990831021106
1016 13.45302408594053 15.905306121895997 66.58689696749194 5.161018000776604
1017 83.39074348054227 15.705465900994065 28.114101645501236 5.159663383273346
1018 22.22910528608561 16.770998608710734 38.87665743898236 5.158899761276263
1019 48.74395740714425 4.776043178052256 109.4347476881039 5.15876439655438
1020 15.452538650913361 15.856169209726088 140.7449163009072 5.152797294677263
1021 102.62543169954387 4.3535004413881655 110.22160670877561 5.152424340300921
1022 42.386700753119484 13.798417722187981 65.07513998800594 5.152171685862658
1023 57.012941313395785 5.309468545620151 91.76236402835988 5.146148662612633
1024 107.34529612069619 4.390492327487025 116.45856755219631 5.14576995378926
1025 96.54810959828038 8.342935378882935 23.842430006770112 5.145735704739522
1026 36.7275774712308 13.265640972096797 149.75590655475045 5.145430847885
1027 104.79271254893538 7.3979160601127925 61.96876872833252 5.135232433821474
1028 103.064161296186 7.735796838728939 132.78695163409247 5.123469585760834
1029 40.76608330389097 7.446266179045173 28.25650029813653 5.1092304475821395
1030 38.9817311760421 7.0212830595497255 152.62094062732407 5.102793100046065
1031 88.44982634421369 3.571880816172681 151.2379514196059 5.097408287354367
1032 14.567338634250602 9.911069662166257 167.89329481593242 5.082078001022122
1033 78.6408100672671 3.8957552481205635 20.704893595428878 5.080794683358555
1034 99.92749591535987 4.969241382180613 99.88542795670128 5.079948040057662
1035 12.86975184611208 5.820373036851748 3.3736776579661254 5.076421342925846
1036 66.91300902516458 14.912487416852809 108.39403064155768 5.069773473049236
1037 27.771470297198462 2.663080240225034 47.337244172675184 5.067707617181312
1038 14.695785090588394 5.554517007122773 155.30487172323268 5.066910924125238
1039 32.079164862906836 14.445858911766102 89.6200878813555 5.047048307268087
1040 58.13022455163082 14.992620139948382 81.53241131550618 5.045588215974525
1041 53.4784456611503 4.617413754698883 139.61623085828046 5.045557230169264
1042 26.547905785843614 4.960430034664652 22.789631466044924 5.036346760806824
1043 99.16565749581606 15.446650397836548 43.33670193252464 5.029923374442268
1044 99.91452045312502 16.230895910796058 52.15402974980182 5.02950751409606
1045 45.27507985723685 5.083646960512158 61.466032462331164 5.029488016772142
1046 62.433056415118386 13.734603427070436 127.38609941471384 5.028211846699492
1047 48.10235708043588 17.27403687044912 146.34740830933652 5.027502326866183
1048 107.3392830306825 15.925631486669717 22.809550119537978 5.026462550898315
1049 48.33425301867371 3.5544174894133964 9.827257188412505 5.022941730376303
1050 72.06515337495196 15.235836609329978 129.28028346873336 5.011859946844489
1051 33.5805907435395 15.743401648606737 116.4980957022025 5.009705626462182

