// ================================================================================
// CHRONO WORKBENCH - github.com/Concrete-Chrono-Development/chrono-preprocessor
//
// Copyright (c) 2023 
// All rights reserved. 
//
// Use of the code that generated this file is governed by a BSD-style license that
// can be found in the LICENSE file at the top level of the distribution and at
// github.com/Concrete-Chrono-Development/chrono-preprocessor/blob/main/LICENSE
//
// ================================================================================
// Tetrahedra Data File
// ================================================================================
//
// Data Structure:
// Node 1 Node 2 Node 3 Node 4
// Note: Node numbers are zero-indexed
//
// ================================================================================
762 291 691 974
79 78 80 874
104 608 184 1016
545 407 408 798
593 381 556 1007
193 699 814 743
380 723 698 990
182 79 1039 680
108 110 804 908
750 725 881 999
243 282 38 779
242 37 1048 921
21 140 959 781
270 137 1001 890
582 350 693 800
3 532 1 809
547 529 754 800
119 75 76 886
185 904 777 810
52 137 270 890
504 1037 706 816
249 175 21 781
884 1044 737 819
122 125 969 918
791 892 818 808
753 1039 770 774
570 367 718 721
211 50 84 821
145 144 146 673
205 40 281 948
306 290 72 231
227 289 328 802
138 734 1001 862
544 447 13 12
347 13 14 941
18 243 779 806
201 270 1001 914
208 162 724 955
156 270 914 890
197 196 1043 963
378 591 533 978
466 441 467 906
718 721 856 738
447 6 13 12
518 363 361 901
56 287 931 710
391 813 682 744
701 699 831 935
466 441 906 1029
0 3 332 1
799 733 965 851
121 93 791 787
270 201 156 914
323 73 719 894
570 468 788 954
232 779 719 894
324 45 25 210
354 314 313 829
740 66 871 787
336 840 823 697
232 779 806 719
103 925 1006 703
51 862 803 987
1017 888 722 922
413 469 425 937
265 60 62 856
119 76 895 1046
459 502 982 877
438 663 658 952
188 117 106 689
409 410 753 849
788 570 954 721
779 809 806 719
245 97 633 932
897 24 697 987
883 167 713 757
268 266 957 928
218 656 296 82
870 177 680 702
925 709 1006 703
379 381 380 1012
209 138 734 1001
347 544 13 12
40 754 948 927
683 277 859 916
60 101 59 738
424 723 990 994
717 65 1040 871
202 273 114 816
609 615 798 902
266 115 273 957
214 710 749 761
739 953 883 943
567 570 568 721
823 897 894 803
447 6 12 5
1049 354 829 725
312 313 314 829
282 52 38 890
862 53 716 987
225 297 88 865
781 799 780 851
706 866 1018 704
634 1021 981 790
691 974 733 965
3 532 332 1
691 592 929 965
323 72 73 897
581 578 683 997
32 657 778 731
250 291 264 974
957 268 928 704
19 18 38 156
583 533 544 779
732 234 861 769
526 453 527 655
434 498 917 935
865 660 813 682
566 567 839 721
660 865 745 989
603 505 502 830
78 177 176 610
50 48 131 945
672 673 872 938
258 249 870 1051
174 1026 859 997
497 498 743 917
646 754 1015 879
667 220 666 671
431 602 824 1041
291 251 691 974
183 104 1016 1006
83 853 810 764
78 177 610 874
580 388 683 764
973 640 1021 981
133 663 32 134
624 456 455 797
166 818 726 836
347 583 779 720
729 957 899 704
445 444 776 882
912 815 711 980
734 209 866 751
281 940 948 970
121 108 804 796
282 243 232 779
354 313 1049 829
914 982 830 706
177 176 610 833
332 1 809 991
789 662 845 983
176 177 257 833
369 366 1045 964
951 536 831 690
587 712 807 996
421 919 689 947
87 42 88 865
300 29 679 916
977 431 1041 805
753 421 689 947
98 908 1013 748
866 788 751 704
954 788 721 928
367 566 1045 721
729 114 957 816
735 861 756 1008
267 268 866 751
62 61 295 971
142 1000 708 864
62 295 169 971
0 3 532 332
814 743 690 917
477 489 1030 949
72 23 73 897
804 687 944 728
226 625 328 329
117 182 1039 947
107 79 915 680
820 793 694 755
139 217 1017 681
71 321 289 694
20 21 140 765
46 53 1010 848
406 608 926 986
672 872 801 938
176 616 610 833
833 249 781 844
578 683 997 903
384 411 798 915
568 567 721 704
835 791 993 923
290 306 72 719
171 95 632 889
624 630 455 454
815 593 868 705
261 90 742 1026
699 814 743 690
40 89 281 948
107 106 182 1039
68 180 179 634
351 352 665 1002
240 56 287 931
930 257 765 781
4 1 10 806
388 580 386 764
617 19 155 156
196 154 846 963
1022 759 856 971
371 370 1023 728
502 504 1037 706
734 209 1001 866
759 492 849 839
488 407 827 709
721 729 899 704
61 59 892 738
619 338 903 1038
799 684 864 965
794 800 948 744
256 167 255 943
710 686 749 761
772 536 750 951
171 95 638 632
140 959 1011 1020
611 765 959 882
573 575 815 1005
13 347 12 941
78 79 177 874
428 429 430 784
180 237 179 981
824 602 838 1041
14 460 347 720
18 38 156 941
870 702 847 844
827 410 849 703
90 261 173 1026
536 604 750 831
276 140 1011 1020
668 669 682 879
589 551 599 975
853 872 812 1032
649 646 643 754
22 611 616 765
655 669 651 668
651 668 223 650
839 887 899 783
933 964 971 871
892 293 968 700
754 225 682 879
178 870 680 841
832 936 803 961
843 691 995 768
61 59 93 892
925 709 915 902
501 681 763 966
29 83 279 853
460 14 621 15
932 775 950 741
327 332 1035 991
157 696 756 958
512 359 1029 716
506 504 877 816
65 717 1040 688
827 926 1006 783
873 215 884 967
310 309 840 697
847 854 844 733
364 472 758 878
372 1023 924 944
887 759 971 689
982 505 720 830
117 116 118 822
442 734 1042 830
227 229 802 921
800 391 682 744
331 328 622 626
150 622 623 921
1035 306 991 719
228 226 227 328
407 411 753 915
713 953 943 757
788 954 751 928
307 0 532 332
22 176 257 833
376 374 1034 905
28 26 326 863
955 86 951 881
252 253 873 884
504 502 877 706
832 583 1042 720
568 570 788 721
520 389 999 857
14 15 720 941
406 488 487 986
798 915 902 891
44 665 696 989
456 530 626 330
267 209 734 751
536 466 772 750
12 4 16 806
827 418 729 783
283 242 1048 992
992 271 722 1025
427 428 642 1028
54 824 895 710
687 412 837 944
502 505 982 830
985 698 924 869
247 206 762 985
65 66 1040 871
295 65 169 871
170 632 95 889
266 957 928 899
26 211 85 315
60 61 856 738
424 379 380 723
406 488 926 709
308 323 1035 719
679 677 619 1038
184 613 960 692
975 841 995 774
18 16 243 806
106 753 689 947
325 312 829 826
544 347 779 941
65 116 717 688
693 582 800 794
480 384 702 847
407 410 488 827
311 514 324 697
802 942 694 746
225 754 682 744
218 666 219 296
649 648 646 754
596 373 366 835
427 642 636 1028
24 210 53 987
270 137 201 1001
533 447 544 809
272 256 254 943
616 610 833 702
578 339 581 683
336 310 840 697
766 563 913 713
248 247 762 985
91 90 55 1047
566 367 570 721
332 0 1 2
954 907 772 1014
643 649 754 693
988 815 705 834
466 724 750 955
114 926 1016 692
686 920 749 761
129 301 127 824
20 612 611 765
110 189 896 908
1037 830 706 866
933 473 717 689
698 723 1012 939
466 390 516 750
513 788 734 830
323 309 897 840
114 729 957 783
614 406 926 709
481 335 558 616
437 731 952 1003
926 488 827 709
214 56 931 710
192 263 1043 819
280 83 29 683
597 525 1032 845
395 431 977 805
84 216 867 701
429 428 1028 784
50 131 701 888
24 52 73 894
969 125 883 757
33 135 134 732
473 933 964 759
892 700 808 923
492 473 759 849
333 550 558 930
506 574 816 692
1023 688 768 924
553 519 873 850
735 920 769 761
118 298 178 841
384 480 702 891
51 52 803 961
629 630 346 543
469 898 773 937
388 489 581 956
16 243 143 17
818 873 850 808
126 828 784 695
560 440 952 880
21 175 142 781
853 221 872 1032
143 16 10 806
992 722 755 1025
295 169 971 871
274 181 912 896
565 684 929 965
499 585 700 690
663 658 952 880
478 432 977 805
597 656 387 845
718 368 738 740
982 607 877 706
232 282 779 894
20 141 612 959
521 586 681 917
831 699 690 935
593 415 988 705
781 142 1011 707
359 336 358 823
459 607 503 877
860 179 981 790
809 1035 991 719
208 51 53 862
772 163 751 979
120 75 886 762
177 258 833 870
66 295 740 871
687 413 796 898
15 19 914 941
406 614 408 709
52 282 832 890
122 237 238 969
515 357 747 857
83 279 853 764
277 276 174 859
525 523 801 938
612 611 765 959
530 456 626 797
633 375 639 976
608 614 926 1016
4 5 1 806
516 360 512 716
25 897 697 987
443 356 755 966
473 759 849 689
137 52 51 961
359 1029 716 936
478 446 707 864
368 366 396 835
512 466 516 716
832 823 894 803
954 269 721 738
25 24 23 897
368 892 738 740
113 235 284 951
271 992 767 1025
788 954 907 751
137 209 201 1001
323 306 1035 719
432 433 864 977
529 452 547 1015
378 533 583 978
637 737 819 893
914 720 941 890
788 734 830 866
716 697 803 987
656 666 296 801
480 384 385 891
696 685 807 958
580 683 812 764
868 815 834 980
603 1037 830 706
133 259 260 998
96 171 95 932
2 332 327 991
619 618 916 903
3 6 447 5
193 132 699 946
227 229 289 802
690 814 917 935
404 374 546 976
303 951 881 831
660 351 1002 813
779 832 978 894
1039 178 680 841
414 687 705 896
712 685 807 996
725 829 752 826
248 298 843 691
734 1001 1042 720
143 8 230 806
638 633 97 932
191 172 278 1044
1 809 991 806
188 105 887 703
841 822 995 774
779 978 719 894
221 279 789 853
347 571 1042 720
533 978 1035 809
414 575 785 705
709 614 925 1006
759 964 856 971
1035 332 809 991
248 843 762 691
675 670 523 801
843 688 985 768
46 45 47 826
1011 959 707 776
16 4 11 10
700 786 690 911
186 187 161 970
699 193 946 743
366 369 596 964
1048 35 992 767
435 536 585 690
566 369 367 1045
126 294 828 695
488 419 487 986
169 188 887 689
429 555 953 900
862 724 716 955
512 360 359 716
751 788 928 704
202 184 960 692
93 61 892 740
752 697 1010 987
724 466 906 1029
809 991 806 719
945 820 888 825
412 511 837 944
779 38 941 890
798 407 709 915
306 327 290 231
699 881 701 831
140 141 959 1020
551 854 847 733
42 43 88 989
772 536 951 911
306 327 1035 991
106 117 1039 947
468 405 954 718
61 60 59 738
698 206 762 939
138 862 906 1029
16 12 779 941
178 288 870 841
306 327 991 719
164 163 101 979
788 721 928 704
862 716 803 987
48 27 820 945
897 823 697 803
862 724 906 1029
716 53 1010 987
718 367 1045 721
1 5 809 806
617 19 156 914
592 691 929 1019
112 101 979 738
832 378 840 823
15 914 720 941
353 685 696 1004
954 570 718 721
839 849 887 783
503 487 506 613
239 272 962 943
760 469 773 937
360 516 1049 716
347 544 12 941
1001 914 866 1018
574 506 419 692
720 779 941 890
724 138 862 906
410 418 419 827
38 914 941 890
206 247 762 939
583 832 779 720
614 609 709 925
858 171 775 889
724 516 716 955
155 617 199 706
840 897 823 697
171 632 775 889
1042 832 720 890
1001 1042 720 890
733 552 965 851
887 115 899 783
734 862 936 961
466 516 724 955
378 832 840 978
208 162 138 724
308 378 840 978
832 282 779 890
475 400 1027 910
175 250 264 799
762 886 974 929
420 486 975 774
1006 105 703 783
906 734 866 751
1001 734 1042 890
583 533 779 978
724 906 772 751
315 515 747 857
411 407 798 915
137 138 1001 862
492 369 418 839
888 820 722 825
620 30 619 916
532 591 1035 809
243 143 232 806
418 419 827 729
492 409 753 849
308 591 978 1035
6 12 5 4
662 34 657 778
691 974 1051 733
591 533 1035 809
410 753 849 703
734 936 890 961
666 218 656 296
781 799 1000 864
54 301 119 895
216 131 881 701
324 45 210 752
198 202 184 960
13 12 14 941
582 537 490 1031
82 34 662 778
691 975 854 995
516 466 724 716
18 16 779 941
611 930 765 882
734 788 906 866
250 175 249 799
502 982 877 706
473 919 717 689
753 492 849 689
583 347 1042 720
978 840 719 894
24 51 803 987
586 497 727 917
314 354 389 829
7 327 230 991
7 8 230 9
904 173 1026 810
327 290 231 230
512 466 724 1029
814 967 743 917
954 772 751 979
699 1017 814 922
138 208 724 862
467 466 724 772
405 417 907 1014
46 47 84 826
106 188 689 703
212 208 53 955
313 311 514 324
24 897 697 803
967 814 681 917
302 199 201 1018
814 1017 681 722
309 25 23 897
258 249 257 833
213 834 980 1036
907 724 906 772
208 138 51 862
729 827 783 692
138 137 51 961
936 832 890 961
724 467 907 906
208 724 862 955
867 821 701 857
637 494 475 1027
510 548 698 1019
460 15 982 720
47 312 325 826
368 405 718 1014
338 601 903 1038
298 118 822 841
887 849 703 783
53 212 955 1010
441 513 569 906
504 574 1037 816
359 442 441 1029
163 724 772 751
867 216 881 701
24 73 897 894
721 265 899 856
162 163 138 724
308 310 323 840
132 235 951 946
516 466 750 955
202 114 184 692
299 116 688 985
302 201 866 1018
378 336 840 823
571 1042 720 830
359 734 1029 936
724 512 1029 716
513 441 734 906
829 312 752 826
1049 725 752 1010
906 907 772 751
8 143 10 806
358 832 1042 823
410 827 709 703
607 613 877 960
20 140 141 959
19 18 17 38
441 734 906 1029
832 583 779 978
1042 359 823 936
697 716 1010 987
779 347 720 941
441 569 467 906
323 310 309 840
359 441 512 1029
933 835 964 871
549 592 548 1019
734 442 1042 936
552 551 733 965
840 308 978 719
725 516 750 955
405 954 718 1014
325 312 314 829
156 38 914 941
617 155 199 914
798 709 925 902
137 1001 890 961
706 877 816 960
378 336 310 840
201 199 156 1018
487 506 613 986
52 832 894 803
200 706 816 960
2 7 327 9
414 687 771 898
231 327 230 9
955 725 1010 848
16 18 243 17
448 677 449 340
810 777 764 956
544 12 779 809
82 81 34 778
975 680 770 847
373 596 933 835
327 7 230 9
143 16 11 10
309 25 897 697
143 11 8 10
410 827 849 783
312 313 829 752
163 113 101 979
142 708 707 864
633 932 950 976
721 1045 1022 899
419 488 926 986
20 612 765 959
129 264 684 1000
1037 568 830 704
608 926 986 692
61 856 738 740
421 473 919 717
16 143 11 17
137 138 209 1001
548 380 698 990
609 798 709 925
544 447 12 809
269 164 101 954
829 1049 725 752
60 269 721 856
596 369 473 759
619 618 620 916
569 788 907 906
273 200 704 816
101 113 112 979
765 959 882 780
138 734 862 1029
98 99 1013 885
487 608 406 986
323 309 23 897
96 100 1013 741
469 413 898 937
724 750 955 951
602 433 824 838
505 571 720 830
351 353 1002 1004
610 615 78 874
22 20 611 765
18 243 17 38
862 724 1029 716
488 419 926 827
767 681 1025 966
779 978 809 719
23 24 73 897
244 80 902 874
519 873 727 855
957 928 899 704
700 968 808 855
567 839 721 729
208 862 716 955
46 210 752 1010
323 308 840 719
359 358 1042 823
830 914 706 866
86 955 848 881
716 823 936 803
291 250 251 974
613 608 986 692
545 411 407 798
827 1006 703 783
567 1037 729 704
284 113 951 786
1022 721 899 856
169 971 871 689
384 411 545 798
954 405 907 1014
498 435 690 935
394 742 769 686
166 253 305 726
155 198 607 960
114 202 816 692
12 779 809 806
4 12 809 806
758 996 817 909
61 62 856 971
261 742 904 1026
155 199 198 960
871 835 787 875
101 954 979 738
256 239 883 943
115 265 62 1022
407 410 827 709
691 549 768 1019
788 907 906 751
452 648 349 547
532 307 332 1035
7 2 327 991
48 131 945 888
5 3 1 809
607 459 982 877
488 406 926 986
202 200 816 960
370 421 919 717
1 8 10 991
832 840 978 894
290 232 806 719
38 156 914 890
8 7 230 991
804 108 908 796
661 660 87 865
902 680 874 891
437 663 341 952
118 248 298 843
931 363 736 792
421 370 933 717
634 484 1021 790
788 906 866 751
709 798 915 902
1037 574 729 816
72 323 23 897
473 370 596 933
787 796 728 937
401 375 633 976
421 370 473 933
369 596 964 759
324 697 752 987
975 486 770 774
442 513 441 734
354 389 829 725
12 447 5 809
18 243 38 941
614 926 1016 1006
183 105 1006 783
49 942 992 722
514 313 324 1049
410 409 753 703
389 829 725 857
52 282 73 894
199 302 200 1018
849 827 703 783
24 52 894 803
64 1040 787 728
404 1013 748 741
897 323 840 894
309 311 324 697
926 419 986 692
332 307 306 1035
299 248 843 985
725 752 1010 848
951 946 786 690
533 544 779 809
827 926 709 1006
759 933 971 689
51 53 862 987
107 106 1039 703
184 608 613 692
269 265 721 856
93 892 791 740
473 933 759 689
327 290 230 719
591 533 978 1035
358 583 832 978
15 914 982 720
209 201 1001 866
568 603 1037 830
718 368 1014 738
614 102 925 1006
102 244 80 925
574 567 1037 729
926 614 709 1006
104 614 1016 1006
816 202 960 692
709 753 703 915
437 343 341 731
30 300 679 916
840 832 823 894
113 163 772 979
62 169 887 971
574 729 816 692
83 280 185 810
975 691 854 847
571 442 1042 830
134 135 136 732
375 374 376 905
175 249 799 781
192 191 278 1044
595 430 828 784
220 218 666 219
199 155 156 914
33 32 778 731
664 259 260 756
120 75 119 886
1000 128 708 795
86 162 955 951
683 280 810 949
658 438 952 880
413 371 412 687
421 473 492 689
420 995 768 774
659 158 157 756
73 323 897 894
578 683 903 1038
482 599 420 975
592 691 733 965
430 537 595 828
587 365 749 996
384 482 770 847
36 153 1048 963
583 544 347 779
118 182 822 841
670 524 523 801
892 61 738 740
1037 729 704 816
138 734 906 751
249 870 1051 844
31 241 144 678
212 955 1010 848
648 452 451 1015
620 1020 916 776
252 166 818 726
380 424 723 990
241 29 279 853
16 18 12 941
718 366 835 740
571 505 442 830
1001 914 720 830
120 119 264 886
887 115 1022 899
407 408 798 709
282 832 779 894
568 788 830 704
75 886 762 939
735 998 880 756
419 506 986 692
477 562 395 1030
482 975 770 847
66 61 93 740
991 230 806 719
170 171 172 889
698 762 985 1019
661 87 297 865
597 525 523 801
683 853 812 764
714 904 1030 949
369 492 759 839
388 683 764 956
352 353 462 696
366 373 396 835
394 562 769 1030
439 343 437 714
781 930 733 851
438 658 561 880
611 335 930 882
379 362 588 994
665 1002 696 989
732 663 731 952
562 489 439 714
815 1007 953 711
1049 360 716 697
177 610 874 702
480 385 481 610
138 267 734 751
732 135 742 904
789 1032 764 845
79 902 680 874
574 419 729 692
525 801 1032 938
249 258 870 844
298 843 691 995
173 280 1026 810
574 504 506 816
177 178 870 680
83 185 777 810
298 288 841 854
833 616 702 844
210 46 53 1010
27 26 863 747
238 640 969 981
482 589 975 847
179 634 981 790
265 62 1022 856
824 795 977 1041
30 29 31 679
300 29 30 679
203 1020 859 916
490 537 364 878
671 220 219 146
162 212 86 955
466 467 724 906
877 504 706 816
145 144 673 678
680 384 770 847
789 221 853 1032
933 964 759 971
220 666 671 219
492 418 849 839
787 791 937 993
52 270 38 890
46 212 53 848
408 383 545 798
31 144 145 678
617 621 982 706
301 54 127 824
859 916 776 903
832 1042 936 890
907 954 772 751
500 763 819 893
904 714 810 949
801 872 1032 938
244 80 925 902
241 31 679 678
387 342 386 845
176 22 616 833
243 16 143 806
359 360 336 823
203 300 30 916
65 63 116 688
386 764 845 983
782 179 860 790
309 897 840 697
221 241 853 872
580 812 1032 764
280 277 174 859
914 706 866 1018
171 99 305 775
210 324 752 987
385 615 610 891
843 298 822 995
138 267 209 734
679 619 30 916
203 30 141 620
1034 782 785 1005
652 651 668 655
282 38 779 890
441 442 734 1029
679 241 678 812
433 479 864 965
276 277 203 859
678 673 674 872
584 531 694 746
892 368 835 740
280 83 683 810
546 401 950 976
367 405 570 718
615 383 798 891
907 417 772 1014
859 1011 707 776
581 683 956 949
758 878 766 811
121 165 796 836
778 33 731 777
410 418 827 783
54 119 76 895
361 362 1041 901
63 299 116 688
778 81 777 764
464 462 353 696
477 581 956 949
675 523 450 938
358 378 583 978
742 90 1047 1026
133 134 136 732
637 1044 846 819
384 411 915 770
127 55 1047 710
437 439 714 1003
660 865 813 745
646 147 754 879
723 379 1012 730
57 214 931 749
236 940 817 811
920 605 769 686
551 691 854 733
129 264 886 684
864 799 965 851
658 133 260 998
117 65 116 717
164 101 954 979
505 513 442 830
930 616 765 833
915 79 902 680
679 619 916 1038
107 244 925 902
752 46 1010 848
473 421 933 717
777 731 983 934
1047 742 1026 805
723 886 838 994
445 577 707 776
708 174 707 997
7 1 2 991
132 303 699 831
321 331 328 802
997 478 805 1030
676 448 449 450
53 208 862 716
959 781 1011 780
613 607 198 960
185 173 904 810
421 486 420 774
31 29 241 679
568 513 603 830
565 433 424 838
684 886 838 990
666 667 671 801
173 174 708 1026
657 343 983 934
386 764 983 934
106 117 182 1039
975 551 691 847
343 341 657 983
135 234 732 769
178 182 1039 680
778 662 789 983
677 449 812 938
708 864 977 805
62 1022 856 971
200 1018 704 816
144 673 678 872
184 114 1016 692
677 449 340 812
200 706 1018 816
411 409 407 753
284 951 946 786
964 718 856 740
102 80 609 925
21 140 765 959
12 5 4 809
567 418 839 729
615 902 874 891
135 185 261 904
870 833 702 844
750 725 955 848
832 1042 823 936
673 145 678 674
419 827 729 692
833 177 870 702
418 369 566 839
843 116 919 822
919 420 768 774
772 954 1014 979
1049 516 725 1010
378 358 336 823
591 532 533 809
140 959 781 1011
709 827 1006 703
113 772 951 786
107 182 79 1039
291 248 762 691
367 718 1045 964
683 83 853 810
81 778 789 764
55 1047 710 686
69 245 633 715
390 725 750 999
366 596 835 964
433 684 864 977
490 685 1031 817
820 793 755 825
522 667 670 675
65 295 66 871
978 1035 809 719
303 132 235 951
677 676 448 449
14 12 15 941
437 714 731 1003
29 277 683 916
522 670 524 523
597 525 801 1032
410 419 488 827
142 174 1011 707
677 678 872 812
824 684 895 838
721 269 928 899
982 502 830 706
265 269 721 899
667 670 675 801
92 94 791 818
80 615 609 902
301 54 824 895
532 332 1 809
117 188 169 689
589 551 975 847
919 117 717 689
384 680 702 847
656 670 597 524
420 422 421 919
691 298 841 854
897 24 894 803
732 1003 735 880
115 114 957 783
670 522 675 523
142 140 781 1011
853 683 810 764
732 861 1003 769
411 486 753 770
827 926 783 692
602 362 838 1041
841 975 854 847
182 117 118 822
367 366 718 964
265 1022 899 856
90 708 795 805
333 930 780 851
80 615 902 874
661 660 865 682
19 18 156 941
22 257 21 765
156 199 914 1018
656 597 387 524
405 468 570 718
265 266 928 899
674 677 676 448
278 1044 858 737
121 796 787 937
612 959 1020 776
678 677 872 938
919 843 822 768
683 853 916 1038
203 620 1020 916
853 679 916 1038
656 296 789 1032
862 716 936 803
466 512 724 716
609 615 383 798
304 234 742 769
522 675 523 450
174 142 708 707
482 486 384 770
163 164 751 979
64 65 66 1040
18 19 15 941
567 418 566 839
116 919 717 688
518 535 587 920
618 620 916 903
338 444 618 507
19 156 914 941
616 22 765 833
308 591 378 978
365 364 749 996
140 20 765 959
124 636 695 918
113 162 235 951
116 117 919 822
800 754 948 744
53 212 1010 848
1028 429 784 900
712 685 996 817
1003 440 735 880
442 359 1042 936
1018 706 704 816
726 885 836 773
578 339 683 1038
1045 721 1022 856
834 815 912 980
691 551 854 847
523 525 449 938
140 276 203 1020
195 284 946 786
368 892 835 923
723 886 762 990
872 812 1032 938
45 46 752 826
686 710 749 901
612 959 776 882
257 930 765 833
177 258 257 833
105 103 1006 703
670 597 524 801
930 550 844 851
541 758 876 792
691 762 929 1019
409 492 410 849
663 341 657 731
520 357 701 1033
957 273 704 816
273 202 200 816
15 12 18 941
91 304 234 742
169 65 717 871
660 661 813 682
90 91 742 1047
666 219 296 801
537 509 828 1031
930 616 833 844
234 136 732 861
534 439 1003 769
1047 90 795 805
489 343 439 714
204 205 695 927
33 185 904 777
421 422 370 919
16 18 779 806
781 707 780 864
1001 914 830 866
92 252 94 818
826 821 867 857
725 516 955 1010
914 1001 720 890
729 839 899 783
799 684 974 1000
298 251 288 854
974 799 1051 733
538 635 973 900
919 117 947 822
796 413 728 937
410 492 418 849
532 447 533 809
259 664 998 756
244 79 80 874
802 229 942 746
384 383 385 891
505 603 513 830
203 30 620 916
870 841 854 847
998 664 880 756
105 115 887 783
266 115 957 899
551 599 975 691
115 266 265 899
675 672 801 938
79 244 902 874
684 974 929 965
422 370 919 1023
408 609 798 709
753 421 947 774
162 163 724 951
105 887 703 783
721 567 729 704
257 21 765 781
383 615 385 891
264 120 886 974
565 552 479 965
140 21 142 781
480 559 702 844
249 257 833 781
666 671 219 801
620 612 141 1020
589 599 482 975
473 421 919 689
764 789 845 983
80 78 615 874
655 527 669 879
209 267 866 751
90 1047 1026 805
561 658 664 880
509 595 828 693
887 849 689 703
162 86 235 951
799 781 780 864
135 234 136 732
665 659 44 696
940 828 693 794
257 930 833 781
616 611 335 930
65 117 169 717
264 886 684 974
477 395 805 1030
742 714 904 1030
489 477 956 949
279 789 853 764
650 652 668 879
796 121 836 937
1037 830 866 704
32 663 657 731
442 513 734 830
788 568 721 704
62 887 1022 971
881 701 831 999
268 751 928 704
134 33 732 731
658 732 998 880
610 177 833 702
683 859 997 903
607 613 503 877
424 602 362 838
581 489 477 956
277 280 29 683
412 414 687 837
391 529 800 682
810 714 956 949
480 385 610 702
70 289 942 694
550 552 733 851
569 513 788 906
367 368 405 718
856 964 740 971
799 781 733 851
822 298 841 995
824 710 1041 736
427 636 426 1028
304 91 55 1047
1011 276 1020 859
182 178 1039 841
173 261 904 1026
708 478 864 805
111 274 834 896
119 301 684 895
310 311 309 697
326 793 863 747
566 369 1045 839
83 81 789 764
932 245 741 976
61 856 740 971
566 570 567 721
149 652 650 879
140 203 141 1020
620 612 1020 776
187 186 685 970
22 257 765 833
174 708 1026 997
50 211 945 747
712 587 749 996
794 800 744 745
959 765 781 780
286 159 861 1008
723 380 698 1012
182 1039 822 841
653 646 1015 879
821 84 867 701
581 339 388 683
605 518 361 920
837 698 1036 869
731 778 777 983
643 644 695 927
671 672 872 801
133 663 134 732
292 912 711 980
298 288 178 841
462 461 659 842
335 558 616 930
342 386 845 983
182 1039 947 822
589 551 847 733
216 86 867 881
251 298 691 854
1039 753 947 774
264 175 799 1000
182 118 178 841
93 92 94 791
251 288 854 1051
29 241 679 853
189 110 108 908
427 426 428 1028
118 116 843 822
318 326 793 863
381 382 563 730
784 766 811 713
116 299 118 843
800 693 794 948
125 237 969 883
540 555 539 739
331 329 626 330
536 435 831 690
63 299 688 985
762 843 985 768
273 268 957 704
128 142 1000 708
663 437 731 952
535 534 735 769
1041 710 901 736
298 118 843 822
141 612 959 1020
1047 742 805 686
418 849 839 783
136 133 732 998
711 255 713 943
980 1012 939 1036
28 326 318 863
535 518 605 920
299 248 118 843
174 859 707 997
261 90 91 742
127 824 710 795
20 22 21 765
696 462 842 807
379 380 723 1012
815 868 711 980
714 742 769 1030
775 950 741 852
472 563 876 766
133 663 732 998
575 485 785 1005
149 223 222 650
693 940 948 927
974 691 929 965
593 575 415 705
185 280 173 810
535 587 920 735
219 671 872 801
837 988 705 834
683 810 764 956
605 394 769 686
795 977 1041 805
861 259 998 756
853 789 1032 764
447 532 3 809
54 287 710 736
478 708 707 997
955 750 848 881
94 252 166 818
919 370 717 1023
684 264 974 1000
89 794 948 744
687 804 944 869
791 892 835 740
786 951 690 911
1050 262 913 711
221 241 279 853
351 1002 813 1004
81 33 778 777
296 219 872 801
691 549 995 768
656 801 1032 845
785 414 705 896
67 100 715 748
135 261 91 742
86 848 867 881
160 712 958 1008
749 364 758 996
277 280 683 859
617 155 607 706
802 921 746 797
974 799 733 965
35 283 1048 992
585 700 690 911
485 493 414 785
665 44 42 989
849 759 839 887
691 251 854 1051
505 460 982 720
691 762 974 929
419 418 574 729
712 57 931 749
764 777 983 934
221 296 872 1032
337 355 356 755
205 281 940 948
1026 904 810 949
124 644 39 204
151 227 625 622
508 348 643 693
699 131 1017 888
82 81 778 789
886 895 838 994
151 152 622 921
538 539 900 1024
881 867 701 999
374 404 1009 976
199 617 914 706
234 233 861 761
270 1001 914 890
245 715 748 741
542 525 812 938
971 933 871 689
147 646 653 879
539 538 483 1024
772 951 786 911
150 623 627 921
511 698 988 837
922 434 917 935
1002 813 1004 745
131 50 945 888
630 346 455 454
716 208 955 1010
271 197 681 963
81 33 34 778
244 102 103 925
652 149 653 879
673 674 872 938
570 468 954 718
192 196 846 1043
820 27 747 825
880 664 842 756
640 634 1021 981
463 735 842 807
280 174 1026 859
37 150 627 921
607 459 621 982
848 725 867 881
807 696 958 1008
824 129 684 1000
90 173 708 1026
158 659 157 44
269 60 721 738
120 291 762 974
640 538 635 1024
560 463 735 842
53 210 1010 987
664 658 998 880
872 677 812 938
381 563 1007 868
128 90 708 795
782 1034 785 1009
119 129 264 886
366 368 367 718
531 455 530 797
516 1049 716 1010
595 537 509 828
627 630 746 797
366 367 1045 964
484 1034 1021 790
658 663 732 880
571 347 460 720
548 698 1019 990
888 701 825 1033
723 379 730 994
346 630 455 543
639 375 376 905
321 319 802 694
428 595 508 784
698 206 939 1036
40 275 89 948
206 207 213 1036
407 409 410 703
530 331 626 330
403 493 771 898
360 823 716 697
730 1050 711 980
635 122 969 918
820 27 863 747
730 1050 913 711
548 380 510 698
858 775 972 910
424 433 602 838
613 877 960 692
608 614 406 926
179 239 860 981
517 510 380 698
687 414 785 896
1023 688 924 944
734 1001 862 961
712 587 807 761
815 705 834 912
710 931 749 901
506 503 613 877
162 724 955 951
105 115 188 887
624 623 630 454
886 120 762 974
190 637 1044 846
594 397 700 923
613 506 877 692
252 92 215 873
782 771 896 908
838 895 736 994
739 540 1005 1021
565 433 684 965
452 527 1015 682
222 668 682 879
530 322 590 802
428 508 642 784
832 52 890 961
785 493 771 1009
785 1034 1005 1009
255 167 713 943
57 56 58 931
655 669 668 652
723 730 868 980
592 551 691 1019
884 737 850 727
60 269 101 738
685 161 958 745
332 306 327 1035
571 460 505 720
57 214 749 761
598 392 661 813
644 204 695 927
303 131 699 881
814 1017 722 922
646 40 41 927
428 508 427 642
926 608 1016 692
381 563 556 1007
411 753 915 770
801 597 1032 845
828 1031 693 794
582 509 537 1031
926 183 1006 783
117 116 919 717
811 766 913 713
189 782 896 908
105 188 106 703
812 525 1032 938
647 648 451 654
555 739 953 900
374 485 1034 1009
363 931 749 758
526 527 528 669
275 40 246 754
290 72 73 719
269 954 721 928
849 753 689 703
574 418 567 729
80 609 925 902
244 107 79 902
933 717 871 689
397 594 700 855
1049 324 697 752
217 967 814 681
367 369 366 1045
603 502 504 1037
527 652 682 879
389 354 390 725
38 270 156 890
392 528 598 661
755 942 1025 746
358 378 832 823
648 452 349 451
527 526 655 669
33 185 135 904
427 508 348 642
526 655 669 651
456 624 455 454
873 818 968 808
161 160 685 958
236 187 817 970
174 90 173 708
352 462 461 659
294 205 940 695
529 452 1015 682
491 465 685 996
349 350 547 649
646 647 653 1015
730 563 868 711
865 225 682 744
348 350 649 693
350 349 348 649
618 507 776 903
648 349 547 649
313 324 1049 752
758 749 996 909
247 75 762 939
179 181 782 860
815 705 912 962
297 661 865 682
144 146 673 872
595 508 784 695
89 281 948 970
661 668 297 224
365 518 920 749
623 622 624 797
43 958 745 989
931 749 758 909
225 246 147 754
668 661 297 682
452 453 451 654
73 282 232 894
332 532 1035 809
540 573 739 1005
639 68 715 790
575 593 815 705
465 490 685 1031
712 57 749 761
117 169 717 689
225 275 754 744
590 531 530 802
49 70 283 942
508 348 642 643
828 294 940 695
87 661 297 224
350 547 649 754
588 382 730 792
754 275 948 744
465 685 1004 794
235 284 951 946
40 646 246 754
668 224 223 222
876 758 766 811
573 555 739 953
685 712 807 1008
685 464 807 996
685 491 996 817
1002 660 745 989
275 40 754 948
582 393 800 794
391 351 813 1004
595 828 693 695
90 127 1047 795
246 646 147 754
660 351 665 1002
171 638 932 775
541 363 758 792
668 297 222 682
464 462 696 807
157 44 696 958
1015 754 682 879
292 213 834 980
58 168 811 909
663 32 134 731
263 285 1043 967
238 237 180 981
1013 403 773 852
878 472 876 766
669 527 682 879
822 843 995 768
56 57 214 931
303 132 951 831
547 648 754 1015
556 557 1007 953
32 33 134 731
490 364 491 878
210 25 697 987
537 472 364 878
712 735 807 1008
352 665 1002 696
241 144 678 872
683 810 956 949
490 537 878 1031
135 261 742 904
272 181 860 912
236 58 168 811
277 300 203 916
130 132 131 699
191 190 637 1044
463 587 735 807
472 758 878 876
174 276 1011 859
1028 635 900 757
739 973 1024 1021
946 951 831 690
376 634 639 905
601 339 578 1038
1003 861 735 769
663 437 341 731
343 657 731 934
656 296 82 789
542 340 812 1038
872 296 801 1032
668 222 650 879
1001 734 890 961
350 754 693 800
582 490 465 1031
353 465 685 1004
187 685 817 970
250 264 799 974
652 651 650 668
147 149 222 879
580 525 386 764
1004 391 800 744
813 391 1004 744
44 43 42 989
132 303 131 699
361 1041 686 901
1001 137 862 961
236 168 126 811
127 129 824 795
663 658 732 998
969 640 973 981
587 712 749 761
659 157 44 696
793 820 747 825
223 668 222 650
210 752 1010 987
436 520 701 1033
186 161 685 970
710 931 901 736
292 74 213 980
788 513 734 906
588 362 736 994
374 1034 905 715
593 557 575 815
687 837 705 896
723 895 994 1046
67 782 715 790
382 588 876 792
698 837 944 869
931 214 710 749
92 59 293 892
878 758 817 811
380 517 698 1012
351 353 352 1002
698 723 762 990
920 535 735 769
363 365 749 901
89 161 281 970
587 365 920 749
262 74 711 980
234 861 769 761
685 1004 794 745
813 865 682 744
1002 353 696 1004
225 297 865 682
353 352 1002 696
128 90 174 708
233 286 861 761
274 292 834 912
469 470 760 773
734 862 1029 936
648 647 646 1015
940 205 948 927
646 647 148 653
654 653 647 1015
679 29 853 916
225 147 222 879
100 245 715 748
696 1002 958 989
598 391 813 682
754 529 1015 682
648 451 654 1015
649 350 754 693
547 648 649 754
88 225 865 744
794 685 745 970
240 931 792 909
147 646 148 653
230 290 806 719
646 246 147 41
828 940 693 695
149 147 148 653
664 658 260 998
573 575 557 815
12 544 779 941
668 297 224 222
739 1021 860 981
593 988 868 705
925 709 703 915
269 266 268 928
729 957 704 816
494 496 737 819
186 187 685 817
53 208 716 1010
646 147 148 41
593 381 1007 868
646 40 246 41
114 115 105 783
125 237 122 969
163 138 724 751
114 183 926 783
684 433 864 965
313 312 324 752
782 785 771 1009
969 237 973 883
736 730 994 1046
484 376 1034 790
657 662 778 983
470 850 760 773
42 88 865 989
239 256 272 943
511 412 372 944
254 912 962 943
575 414 415 705
886 684 974 929
398 469 760 937
109 687 896 869
736 287 792 1046
563 381 730 868
834 274 912 896
637 889 737 1027
379 381 1012 730
784 1028 900 757
540 573 555 739
472 541 758 876
834 988 980 1036
785 782 771 896
815 953 962 943
529 547 754 1015
1004 685 958 745
297 87 88 865
527 453 452 1015
429 784 900 757
815 575 785 1005
113 112 979 786
109 63 804 869
206 698 985 869
433 565 684 838
551 592 733 965
67 181 189 782
378 358 832 978
161 43 958 745
119 129 886 684
988 415 837 705
179 181 67 782
98 165 99 885
511 510 517 698
253 873 884 850
212 46 86 848
1004 800 794 745
883 713 943 757
266 273 268 957
265 266 269 928
416 1014 700 911
708 1026 997 805
183 114 105 783
569 513 568 788
76 74 1050 980
699 946 831 690
164 269 268 928
1034 782 860 790
838 424 990 994
273 115 114 957
324 312 45 752
612 611 959 882
485 785 1005 1009
484 483 376 634
421 492 753 689
294 828 940 811
493 404 771 1009
414 687 785 771
464 587 807 996
718 954 721 738
485 484 1034 1005
724 772 750 951
237 238 969 981
122 238 635 969
27 70 820 863
940 693 695 927
635 238 640 969
638 932 775 950
723 1046 980 939
908 687 796 898
517 511 698 988
423 592 929 1019
563 556 1007 711
539 739 973 1024
371 372 412 944
924 698 944 869
516 390 725 750
161 187 281 970
414 687 837 705
376 374 484 1034
484 374 485 1034
586 500 763 819
286 57 160 712
708 90 1026 805
636 1028 695 918
365 518 587 920
792 730 1050 913
379 588 730 994
198 184 613 960
54 127 824 710
167 125 713 757
557 815 1007 953
186 58 817 909
988 815 868 705
375 546 374 905
701 436 1033 935
739 239 883 981
756 157 958 1008
1009 782 715 748
758 878 876 766
1004 813 744 745
581 477 997 949
436 357 520 1033
55 90 127 1047
687 837 896 869
292 834 912 980
730 792 1050 1046
237 969 973 981
117 182 947 822
74 262 1050 980
452 453 654 1015
381 517 1012 868
1012 517 988 868
837 988 834 1036
428 642 1028 784
828 878 1031 817
710 214 686 761
362 838 736 994
362 424 838 994
245 96 932 741
926 183 1016 1006
46 752 826 848
487 613 608 986
268 866 751 704
616 611 930 765
165 166 885 836
701 945 888 825
308 307 591 1035
718 1045 964 856
844 550 733 851
579 554 850 727
99 166 726 885
96 95 97 932
138 51 862 961
205 40 948 927
1042 734 936 890
953 883 943 757
743 497 727 855
889 858 1027 910
632 889 1027 910
152 37 242 921
47 84 826 821
337 377 793 755
45 46 210 752
67 189 100 782
476 858 737 972
102 103 925 1006
48 1017 888 722
516 354 1049 725
687 412 944 728
358 571 442 1042
1013 99 775 885
399 546 950 741
591 307 532 1035
854 870 847 844
661 598 813 682
180 179 634 981
793 820 863 747
579 737 819 727
953 815 711 943
201 1001 866 1018
95 638 97 932
796 165 885 836
212 86 955 848
1045 839 1022 899
828 878 817 811
639 375 905 976
179 68 634 790
370 717 1023 728
239 739 962 981
71 70 28 318
474 606 402 972
331 530 322 330
107 925 703 915
726 818 850 760
887 759 1022 971
297 225 222 879
409 407 753 703
313 514 354 1049
272 254 962 943
548 423 929 1019
954 164 751 928
49 48 820 722
531 802 694 746
737 579 850 727
263 192 1044 819
584 755 1025 746
964 1045 759 856
237 973 883 981
69 245 97 633
466 467 417 772
370 373 933 875
530 331 322 802
199 155 706 960
16 4 10 806
786 946 743 690
877 506 816 692
873 519 808 855
1017 217 814 681
324 210 697 987
415 414 837 705
262 77 1050 913
499 743 700 855
706 1037 866 704
460 14 15 720
331 622 802 797
554 606 972 850
337 357 825 984
627 628 1048 767
407 410 709 703
317 315 515 984
862 51 803 961
345 356 572 1025
914 982 720 830
191 190 1044 846
626 625 329 328
572 767 1025 966
884 873 967 727
641 628 645 963
37 35 242 1048
212 162 208 955
1043 681 963 763
405 468 954 907
570 468 568 788
468 569 568 788
494 579 476 737
308 323 306 1035
457 645 344 458
823 716 697 803
536 466 417 772
1029 862 716 936
377 584 694 755
194 193 814 743
546 950 741 976
242 35 283 1048
166 94 818 836
468 569 788 907
328 331 329 626
621 15 914 982
467 569 907 906
951 132 946 831
992 1048 767 746
50 945 701 747
321 228 71 289
375 546 905 976
215 263 884 967
494 496 819 893
268 302 866 704
892 368 700 923
321 228 289 328
211 27 945 747
1040 64 688 728
814 699 922 935
502 603 830 706
964 835 740 871
404 403 771 748
415 511 988 837
792 287 1050 1046
278 858 884 737
26 211 315 747
499 497 743 855
183 105 103 1006
681 586 763 819
197 271 153 963
814 681 922 966
442 359 734 1029
681 271 963 1025
226 151 227 625
195 215 873 743
25 324 210 697
839 887 1022 899
536 750 951 831
967 194 814 743
85 325 315 821
27 48 50 945
772 113 979 786
466 724 772 750
1014 786 700 911
1044 192 846 1043
771 687 896 908
1 7 8 991
372 371 1023 944
405 368 416 1014
14 621 459 982
307 308 306 1035
988 1012 868 980
752 725 826 848
377 320 337 793
492 473 849 689
523 675 801 938
357 337 825 1033
84 46 826 867
318 377 319 694
828 1031 794 817
421 420 919 774
470 398 469 760
245 715 741 976
368 718 835 740
839 721 729 899
498 435 585 690
622 623 921 797
760 791 808 923
826 46 848 867
315 211 821 747
227 226 625 328
228 227 289 328
498 499 743 690
1044 637 737 819
27 820 945 825
892 92 791 968
858 476 737 1027
55 304 1047 686
151 152 227 622
195 194 967 743
26 326 863 747
514 360 354 1049
856 718 738 740
355 443 356 755
497 743 727 917
474 399 950 852
85 211 84 821
171 96 99 775
964 740 971 871
60 61 62 856
344 629 346 345
152 227 622 921
83 29 683 853
155 607 706 960
328 331 622 802
1014 772 786 911
197 1043 681 963
318 326 320 793
49 48 27 820
604 520 390 999
629 346 345 543
832 779 720 890
8 10 991 806
131 130 699 1017
456 622 626 797
269 164 954 928
273 200 268 704
103 105 106 703
196 846 1043 963
27 26 28 863
681 963 763 767
631 495 637 893
227 622 921 797
753 1039 703 915
706 1037 704 816
257 249 21 781
743 498 690 917
199 200 706 1018
473 369 492 759
70 27 28 863
645 628 344 458
753 106 1039 947
413 687 796 728
466 512 441 1029
295 61 66 740
1 332 2 991
155 617 156 914
188 115 62 887
957 729 899 783
402 474 972 852
753 407 709 703
152 229 227 921
567 568 1037 704
163 162 113 951
188 62 169 887
722 755 1025 966
555 539 739 900
1009 404 741 976
946 195 786 743
99 305 775 726
628 36 1048 963
64 121 108 804
830 788 866 704
531 543 455 797
124 123 122 918
576 350 393 800
121 94 165 836
963 271 767 1025
107 103 106 703
967 873 743 727
791 892 808 923
115 265 1022 899
926 114 783 692
835 366 964 740
191 170 172 889
92 93 892 791
92 215 873 968
190 170 191 637
114 273 957 816
238 180 640 981
791 760 937 993
625 227 328 802
604 750 831 999
1013 98 796 898
759 1045 1022 856
1014 772 979 786
898 796 773 937
766 876 811 913
922 681 917 966
98 908 796 898
114 729 783 692
596 473 964 759
716 1049 697 1010
697 1049 752 1010
604 390 536 750
49 70 942 820
243 232 779 806
285 197 1043 681
70 28 318 863
436 355 357 1033
942 283 992 746
35 271 992 767
607 621 617 706
14 459 460 982
888 355 755 922
188 887 689 703
318 377 320 319
150 152 151 921
818 850 760 808
331 530 626 797
538 640 483 1024
211 50 821 701
1042 734 720 830
684 886 895 838
734 138 906 1029
315 317 515 316
585 416 700 911
324 514 1049 697
736 588 730 792
622 456 624 797
725 826 867 857
930 844 733 851
530 331 802 797
725 826 848 867
418 839 729 783
513 568 788 830
617 621 914 982
621 460 15 982
169 887 971 689
468 788 954 907
596 473 933 964
968 892 700 808
422 1023 768 924
1045 369 964 759
914 617 982 706
63 64 109 804
215 252 873 884
315 326 747 984
121 791 836 937
479 864 965 851
171 172 858 775
117 106 689 947
722 820 755 825
84 826 821 867
137 138 862 961
417 467 907 772
50 84 821 701
217 130 1017 814
608 184 1016 692
947 919 822 774
59 92 93 892
333 550 930 851
836 791 760 937
110 109 108 804
471 563 766 713
1011 781 707 780
467 724 907 772
596 933 835 964
521 497 586 917
892 791 835 923
740 295 971 871
873 968 743 855
109 64 108 804
839 1045 721 899
94 121 791 836
1017 699 888 922
905 374 715 976
575 815 785 705
200 199 706 960
94 791 818 836
95 171 638 932
932 96 775 741
245 96 97 932
545 384 798 891
305 858 775 726
795 708 977 805
753 106 689 703
791 760 993 923
320 318 793 694
150 151 622 921
505 460 502 982
196 197 153 963
747 793 825 984
951 750 881 831
846 641 1043 963
967 681 819 727
950 399 741 852
701 821 747 857
132 699 946 831
337 355 755 825
710 1047 795 686
366 718 964 740
163 113 772 951
933 373 835 875
579 606 476 972
357 520 701 857
208 53 955 1010
626 625 328 622
625 328 622 802
180 634 640 981
345 572 767 1025
164 268 751 928
115 957 899 783
630 455 543 797
775 726 972 773
153 1048 963 767
1043 263 967 819
639 905 715 976
171 305 172 775
93 66 740 787
760 425 937 993
730 723 1046 980
586 564 819 727
269 265 928 899
252 253 818 873
166 726 885 836
494 637 737 1027
1034 376 905 790
476 494 737 1027
594 499 700 855
908 98 1013 898
763 681 767 966
253 252 818 726
725 867 999 857
726 836 760 773
1043 681 763 819
14 460 621 982
396 835 993 923
717 688 1023 728
873 884 850 727
701 357 825 1033
531 802 746 797
368 397 594 923
326 320 793 984
327 306 290 719
554 519 850 727
771 908 748 898
413 493 403 898
413 403 469 898
189 98 100 748
933 835 871 875
227 625 622 802
1044 637 889 737
942 992 755 1025
358 442 359 1042
514 360 1049 697
305 253 278 726
734 1001 830 866
76 54 895 1046
321 590 319 322
885 796 836 937
631 637 819 893
498 690 917 935
455 456 530 797
295 61 740 971
1013 775 741 852
66 64 1040 787
345 584 1025 746
321 590 322 802
459 502 460 982
787 937 875 993
154 641 846 963
289 321 328 802
165 98 796 885
98 189 908 748
371 370 728 875
701 357 747 825
755 722 922 966
100 245 748 741
100 98 1013 748
170 637 632 889
403 771 1013 898
775 99 726 885
403 404 1013 748
553 470 850 760
398 396 993 923
553 398 760 808
637 494 495 475
313 1049 829 752
483 539 1024 1021
540 484 1005 1021
51 52 24 803
724 163 772 951
539 739 1024 1021
102 614 104 1006
200 302 268 704
102 104 103 1006
632 775 889 910
681 722 1025 966
681 814 722 966
579 476 737 972
681 586 819 727
499 498 585 690
497 519 727 855
447 3 5 809
265 269 60 856
73 232 719 894
282 52 832 894
548 510 549 1019
370 373 596 933
104 183 103 1006
729 114 816 692
823 359 716 936
621 607 982 706
70 49 27 820
345 584 356 1025
326 793 747 984
645 641 963 763
567 568 574 1037
418 410 849 783
347 14 720 941
164 954 751 979
209 302 201 866
954 718 1014 738
51 24 53 987
421 492 409 753
919 117 689 947
1045 369 759 839
59 101 112 738
419 926 827 692
12 16 779 806
419 506 487 986
841 975 770 774
685 696 1004 958
684 1000 864 977
765 21 959 781
199 200 198 960
10 1 991 806
734 1001 720 830
331 321 322 802
242 229 921 746
177 79 178 680
37 627 1048 921
820 942 722 755
209 267 268 866
103 107 925 703
954 1014 979 738
467 468 405 907
25 210 24 987
411 486 409 753
897 840 823 894
467 569 468 907
609 383 408 798
559 480 702 847
516 716 955 1010
607 877 706 960
407 753 709 915
45 312 47 826
267 164 268 751
200 202 198 960
104 614 608 1016
793 377 694 755
362 1041 901 736
1012 723 730 868
1050 262 711 980
529 754 800 682
693 643 695 927
590 321 319 802
655 669 652 879
1002 660 813 745
409 486 421 753
466 536 390 750
571 358 347 1042
942 820 694 755
230 290 232 806
417 467 405 907
107 925 915 902
308 378 310 840
434 922 1033 935
914 199 706 1018
1039 107 915 680
312 45 752 826
1039 107 703 915
184 183 104 1016
1001 201 914 1018
504 568 603 1037
177 79 680 874
267 163 164 751
114 183 184 1016
363 931 758 792
172 305 278 858
135 91 234 742
249 250 799 1051
739 860 962 981
64 804 688 728
527 655 652 879
508 595 693 695
635 426 636 1028
457 645 458 763
358 583 347 1042
360 336 823 697
287 240 931 792
527 652 1015 682
680 975 841 847
942 992 722 755
451 452 654 1015
225 275 246 754
183 114 926 1016
408 614 609 709
609 798 925 902
302 200 1018 704
866 302 1018 704
79 107 915 902
793 337 755 825
818 892 968 808
106 753 1039 703
362 838 1041 736
54 76 287 1046
506 613 986 692
206 213 939 1036
400 474 950 910
382 876 730 792
428 430 595 784
552 479 965 851
858 1044 889 737
642 1028 784 695
366 368 718 835
413 412 414 687
835 791 740 787
527 528 669 682
636 635 1028 918
630 627 623 797
201 156 914 1018
5 4 809 806
637 632 889 1027
717 169 871 689
244 103 107 925
306 323 72 719
574 568 504 1037
696 1002 1004 745
302 209 268 866
823 832 936 803
189 108 98 908
433 431 602 824
52 832 803 961
477 478 997 1030
251 691 974 1051
123 125 122 918
1047 127 710 795
868 730 711 980
511 698 837 944
280 1026 810 949
478 708 997 805
350 547 754 800
739 539 973 900
393 582 465 794
205 236 294 940
132 130 193 699
533 779 978 809
354 516 390 725
290 73 232 719
609 614 102 925
1045 718 721 856
263 192 278 1044
436 434 1033 935
408 407 406 709
163 267 138 751
88 43 745 989
486 753 770 774
25 24 897 987
799 250 974 1051
759 839 887 1022
697 24 803 987
426 428 1028 900
662 82 778 789
861 998 735 756
341 343 657 731
859 683 997 949
297 222 682 879
878 490 1031 817
108 98 908 796
1012 723 980 939
502 459 503 877
143 230 232 806
680 870 702 847
310 336 311 697
603 502 1037 706
398 397 396 923
343 437 714 731
87 660 42 865
359 442 734 936
928 721 899 704
978 308 1035 719
250 251 974 1051
721 60 856 738
1045 566 839 721
936 862 803 961
288 870 841 854
583 358 832 1042
391 393 1004 800
556 953 711 713
293 195 968 700
637 191 1044 889
877 816 960 692
327 230 991 719
336 360 514 697
406 407 488 709
604 536 435 831
243 18 779 941
357 701 747 857
236 205 281 940
478 395 432 805
275 225 88 744
759 1045 839 1022
799 249 1051 733
812 853 1032 764
930 833 781 844
52 137 890 961
72 323 73 719
724 138 906 751
840 323 719 894
621 15 617 914
149 147 653 879
170 191 637 889
506 504 503 877
354 360 516 1049
230 8 991 806
489 714 1030 949
662 656 789 845
101 269 954 738
219 671 146 872
617 15 19 914
422 372 1023 924
38 243 779 941
115 62 887 1022
420 486 482 975
537 828 878 1031
311 336 514 697
849 759 887 689
309 324 25 697
359 360 823 716
1041 710 686 901
364 363 365 749
656 597 801 845
141 203 620 1020
79 107 1039 680
388 339 580 683
953 711 713 943
241 853 872 812
665 352 659 696
683 580 812 1038
503 504 502 877
1013 796 885 898
121 93 94 791
57 186 160 712
420 975 995 774
558 616 930 844
421 919 947 774
1039 822 841 774
599 549 420 995
865 88 745 989
420 422 919 768
116 299 843 985
843 248 762 985
177 288 258 870
288 177 178 870
730 723 994 1046
870 680 841 847
206 698 762 985
1039 841 770 774
886 723 838 990
446 333 780 851
698 1012 988 1036
79 182 178 680
64 65 1040 688
213 980 939 1036
791 121 787 937
301 824 684 895
1039 947 822 774
129 301 824 684
545 383 384 891
902 915 680 891
423 380 548 990
708 478 707 864
247 120 291 762
565 684 838 929
33 32 34 778
247 75 120 762
248 247 291 762
663 133 658 998
919 717 688 1023
549 420 995 768
698 988 837 1036
886 119 684 895
480 385 702 891
63 64 804 688
413 371 728 937
423 592 565 929
688 985 768 924
551 549 599 691
248 291 251 691
248 251 298 691
731 732 952 1003
551 592 691 733
610 615 874 891
684 799 974 965
34 32 657 778
780 799 864 851
116 843 919 688
656 662 387 845
413 796 898 937
929 548 1019 990
895 54 710 736
895 824 838 736
551 549 691 1019
885 836 773 937
680 915 770 891
264 799 974 1000
119 301 129 684
478 432 864 977
64 63 65 688
659 696 842 756
985 762 768 1019
556 471 953 713
116 843 688 985
799 684 1000 864
291 120 264 974
777 778 764 983
384 680 770 891
666 656 670 801
610 874 702 891
778 789 764 983
822 919 995 774
299 63 206 985
248 299 206 985
172 278 1044 858
247 248 206 985
486 421 753 774
995 919 768 774
593 517 381 868
1000 824 795 977
975 841 854 995
599 420 975 995
930 781 780 851
886 684 929 990
549 599 691 995
298 691 841 995
479 433 565 965
288 870 854 1051
288 258 870 1051
251 250 249 1051
288 251 249 1051
838 565 929 990
288 249 258 1051
799 175 781 1000
175 142 781 1000
597 523 524 801
680 177 874 702
919 422 1023 768
175 129 128 1000
1026 859 997 949
129 175 264 1000
142 175 128 1000
339 542 812 1038
525 386 764 845
714 777 810 956
462 463 842 807
854 691 1051 733
259 136 861 998
550 558 930 844
160 712 685 958
136 732 861 998
975 680 841 770
277 203 859 916
276 140 142 1011
276 142 174 1011
904 714 777 810
279 83 789 764
261 185 173 904
29 683 853 916
688 919 1023 768
135 732 742 769
384 486 411 770
259 664 260 998
89 794 745 970
714 732 1003 769
161 89 745 970
861 732 735 880
754 643 693 927
685 794 817 970
234 135 742 769
685 161 745 970
233 259 136 861
439 714 1003 769
234 233 136 861
259 233 159 861
683 581 997 949
233 286 159 861
560 735 880 842
864 478 977 805
76 75 74 939
988 1012 980 1036
379 588 382 730
362 379 424 994
432 395 977 805
714 732 731 1003
55 54 56 710
54 55 127 710
361 363 362 901
1046 76 980 939
56 54 287 710
55 56 214 710
438 560 952 880
142 128 174 708
605 535 920 769
663 134 732 731
259 133 136 998
794 89 948 970
714 343 731 934
562 489 714 1030
385 610 702 891
280 174 173 1026
670 656 597 801
388 489 956 934
731 657 983 934
824 129 1000 795
129 128 1000 795
438 561 560 880
365 363 518 901
342 386 983 934
90 128 127 795
128 129 127 795
646 643 754 927
76 1050 1046 980
440 437 952 1003
81 83 777 764
361 605 920 686
777 764 956 934
449 542 812 938
732 714 731 777
714 732 904 777
33 732 731 777
657 778 731 983
276 203 1020 859
777 83 810 764
135 33 904 777
33 135 732 777
732 135 904 777
1032 525 764 845
386 525 597 845
83 33 81 777
33 83 185 777
525 580 1032 764
388 581 683 956
698 762 1019 990
618 338 507 903
241 679 853 812
296 221 81 789
221 279 81 789
601 578 903 1038
1011 174 859 707
444 618 507 776
300 277 29 916
296 656 801 1032
82 296 81 789
656 82 662 789
279 83 81 789
597 387 386 845
525 580 812 1032
221 219 144 872
241 221 144 872
144 219 146 872
673 146 672 872
219 221 296 872
296 221 789 1032
146 671 672 872
678 241 872 812
680 384 702 891
919 822 995 768
789 656 1032 845
444 612 776 882
677 674 676 938
707 446 780 864
680 1039 841 770
915 1039 680 770
667 666 670 801
742 394 769 1030
753 1039 915 770
671 667 672 801
672 667 675 801
542 525 580 812
679 678 677 812
542 340 449 812
677 676 449 938
580 339 542 812
486 482 975 770
449 676 450 938
258 833 870 844
702 559 847 844
1020 859 916 776
1020 1011 859 776
577 578 997 903
916 620 776 903
859 683 916 903
815 912 711 943
707 859 776 903
620 618 776 903
674 678 872 938
859 707 997 903
449 450 523 938
843 762 691 768
577 478 446 707
577 446 445 707
959 1011 1020 776
507 577 776 903
258 249 833 844
577 478 707 997
387 342 845 983
662 387 845 983
742 304 769 686
342 662 657 983
341 342 657 983
341 343 342 983
387 662 342 983
386 388 764 934
997 477 1030 949
714 731 777 934
578 478 577 997
581 478 578 997
581 477 478 997
853 683 812 1038
580 339 812 1038
916 619 903 1038
679 853 812 1038
340 677 812 1038
339 580 683 1038
683 916 903 1038
445 507 577 776
444 612 618 776
612 620 618 776
444 507 445 776
677 679 812 1038
577 707 776 903
707 577 997 903
578 507 601 903
577 507 578 903
338 601 507 903
619 338 618 903
677 338 619 1038
601 338 339 1038
340 339 338 1038
338 677 340 1038
542 339 340 1038
673 676 674 938
676 672 450 938
676 673 672 938
449 525 542 938
674 677 678 938
672 675 450 938
558 333 930 882
335 558 930 882
333 334 445 882
334 611 612 882
445 334 444 882
333 335 334 882
612 444 334 882
335 611 334 882
335 333 558 882
874 680 702 891
615 798 902 891
959 1011 707 780
333 930 882 780
445 333 882 780
481 480 610 702
841 691 854 995
565 592 552 965
599 975 691 995
383 545 798 891
798 384 915 891
446 445 707 780
915 384 770 891
843 919 688 768
610 616 481 702
592 565 929 965
1026 997 805 1030
480 589 482 847
824 433 684 838
589 480 559 847
549 600 768 1019
384 480 482 847
776 445 882 780
959 776 882 780
707 445 776 780
959 707 776 780
930 765 882 780
765 930 781 780
445 446 333 780
433 431 824 977
433 824 684 977
714 489 956 949
558 481 616 844
616 481 702 844
481 480 702 844
559 558 550 844
480 558 559 844
481 558 480 844
1051 249 844 733
684 824 1000 977
559 589 847 733
559 847 844 733
550 559 844 733
870 1051 844 733
854 870 844 733
870 854 1051 733
395 562 394 1030
249 799 781 733
249 781 844 733
781 930 844 733
1000 708 864 977
708 1000 795 977
550 552 551 733
762 691 768 1019
423 548 929 990
589 550 551 733
550 589 559 733
684 838 929 990
371 425 728 937
762 886 929 990
92 252 818 873
372 371 370 1023
370 422 372 1023
762 929 1019 990
815 573 739 953
398 425 469 937
565 423 929 990
781 142 707 864
142 781 1000 864
446 432 479 864
479 432 433 864
446 478 432 864
189 782 908 748
623 624 630 797
836 760 773 937
510 600 1019 924
735 842 807 756
424 565 838 990
420 549 600 768
600 422 768 924
600 422 420 768
600 768 1019 924
552 592 551 965
549 510 600 1019
548 592 423 1019
551 592 549 1019
698 511 924 944
413 425 371 937
511 510 698 924
768 985 1019 924
985 698 1019 924
698 510 1019 924
600 510 372 924
372 422 600 924
510 511 372 924
424 380 423 990
565 424 423 990
446 780 864 851
479 446 864 851
550 333 479 851
479 552 550 851
446 479 333 851
764 388 956 934
395 431 432 977
432 431 433 977
714 777 956 934
440 438 560 952
437 438 440 952
111 109 896 869
663 438 341 952
800 1004 744 745
437 341 438 952
931 758 792 909
431 824 977 1041
742 904 1026 1030
478 477 805 1030
477 489 562 1030
395 394 805 1030
952 440 1003 880
742 1026 805 1030
562 714 769 1030
362 431 361 1041
602 431 362 1041
147 225 754 879
440 560 735 880
343 342 983 934
1026 997 1030 949
478 477 395 805
440 439 437 1003
534 439 440 1003
732 663 952 880
685 464 696 807
754 693 948 927
281 236 940 970
940 236 817 970
187 236 281 970
462 659 696 842
958 1002 745 989
817 58 811 909
294 126 828 811
861 732 1003 735
186 160 712 685
560 463 535 735
440 560 535 735
587 535 463 735
535 534 440 735
904 1026 1030 949
1021 739 860 962
920 361 686 901
518 361 920 901
998 861 735 880
732 861 998 880
440 1003 735 769
534 440 735 769
440 534 1003 769
714 742 904 769
732 714 904 769
742 732 904 769
439 562 714 769
605 534 535 769
394 534 605 769
732 952 1003 880
794 940 817 970
394 439 534 769
562 439 394 769
280 683 859 949
1026 280 859 949
489 714 956 934
489 343 714 934
342 343 386 934
386 343 388 934
388 343 489 934
940 794 948 970
364 363 749 758
214 55 710 686
91 742 1047 686
304 91 1047 686
91 304 742 686
1041 795 805 686
795 1047 805 686
824 795 1041 686
710 824 1041 686
824 710 795 686
805 742 1030 686
394 805 1030 686
742 394 1030 686
394 395 805 686
431 1041 805 686
395 431 805 686
431 361 1041 686
394 605 361 686
304 55 214 686
394 361 395 686
361 431 395 686
940 828 817 811
424 379 723 994
758 364 878 817
815 593 1007 868
635 538 973 1024
712 186 685 817
352 462 659 696
464 353 685 696
465 464 685 996
517 698 1012 988
490 491 465 685
940 828 794 817
364 758 996 817
160 186 161 685
593 556 557 1007
464 353 465 685
588 541 876 792
665 660 1002 989
828 784 766 811
644 39 204 927
652 653 1015 879
240 56 931 909
518 920 749 901
365 518 749 901
485 493 785 1009
225 297 682 879
563 382 876 730
659 157 696 756
429 430 784 766
430 828 784 766
472 541 364 758
696 807 756 1008
364 541 363 758
379 382 381 730
1044 172 858 889
931 363 749 901
428 429 1028 900
40 646 754 927
222 149 650 879
920 686 749 901
889 858 737 1027
1002 696 958 745
89 794 744 745
664 561 880 842
561 560 880 842
659 461 664 842
461 462 463 842
461 463 560 842
878 828 766 811
461 561 664 842
561 461 560 842
886 723 895 994
493 414 785 771
593 557 815 1007
464 463 462 807
587 463 464 807
1013 100 748 741
1005 739 1021 962
236 126 294 811
236 294 940 811
828 126 784 811
58 236 817 811
491 365 464 996
491 464 465 996
365 587 464 996
491 364 365 996
838 824 1041 736
511 372 924 944
588 736 730 994
723 838 990 994
382 541 472 876
382 472 563 876
842 696 807 756
588 541 382 876
664 659 842 756
735 880 842 756
988 868 834 980
517 380 381 1012
687 804 896 908
430 537 828 766
828 537 878 766
537 472 878 766
782 1034 715 790
640 635 969 973
485 414 575 785
635 426 1028 900
850 726 760 773
1050 730 1046 980
563 472 471 766
430 471 472 766
573 739 1005 962
696 1004 958 745
895 736 994 1046
263 1044 884 819
430 429 471 766
430 472 537 766
593 415 517 988
263 884 967 727
1005 1021 860 962
239 272 860 962
937 425 875 993
912 254 711 943
511 517 415 988
363 362 901 736
886 76 723 939
275 89 948 744
511 415 412 837
412 415 414 837
476 858 972 910
168 126 811 713
931 363 901 736
824 895 710 736
158 159 157 756
159 259 861 756
785 705 912 896
886 723 762 939
76 74 980 939
517 593 988 868
723 698 762 939
54 287 736 1046
730 736 792 1046
588 362 363 736
381 1012 730 868
804 110 896 908
287 76 1050 1046
705 837 834 896
557 573 815 953
539 973 900 1024
563 1007 868 711
1007 556 953 711
563 730 913 711
75 76 886 939
973 538 900 1024
640 635 973 1024
647 648 654 1015
555 557 556 953
555 556 471 953
123 124 695 918
74 213 980 939
429 555 471 953
1034 905 715 790
124 122 636 918
555 573 557 953
638 171 632 775
858 476 1027 910
75 206 213 939
775 950 852 910
404 403 493 771
726 775 885 773
484 1034 1005 1021
785 181 912 962
286 57 712 761
287 240 792 1050
240 77 792 1050
485 575 573 1005
484 485 573 1005
540 484 573 1005
254 292 912 711
496 579 737 819
194 195 193 743
47 85 84 821
782 1005 860 962
181 860 912 962
519 553 873 808
636 122 635 918
371 1023 944 728
429 539 555 900
429 426 539 900
428 426 429 900
539 426 538 900
426 635 538 900
1034 485 1005 1009
539 540 739 1021
973 640 1024 1021
739 973 1021 981
973 739 883 981
640 483 1024 1021
484 483 634 1021
860 239 962 981
125 167 883 757
1021 860 981 790
973 739 900 757
239 237 883 981
404 493 374 1009
631 1043 763 819
374 493 485 1009
237 239 179 981
640 634 483 1021
540 539 484 1021
539 483 484 1021
642 508 643 693
582 509 1031 693
392 351 660 813
391 351 392 813
391 392 598 813
43 44 958 989
661 392 660 813
363 588 736 792
660 665 42 989
452 648 547 1015
648 646 754 1015
653 654 652 1015
465 582 1031 794
655 527 652 1015
1031 582 693 794
391 393 353 1004
393 465 353 1004
391 353 351 1004
44 696 958 989
685 807 958 1008
453 527 655 1015
669 668 652 879
509 828 1031 693
693 940 794 948
631 637 846 819
660 42 865 989
393 1004 800 794
722 814 922 966
348 649 643 693
582 350 509 693
508 509 350 693
754 800 682 744
685 465 1031 794
652 1015 682 879
348 508 350 693
754 693 800 948
508 595 509 693
576 547 350 800
393 350 582 800
576 393 391 800
576 529 547 800
576 391 529 800
654 453 652 1015
393 465 1004 794
453 655 652 1015
1031 685 794 817
528 598 661 682
642 636 1028 695
508 642 784 695
642 508 693 695
771 687 908 898
598 527 529 682
391 598 529 682
791 92 818 968
124 644 204 695
643 642 693 695
529 527 452 682
669 661 668 682
598 528 527 682
669 528 661 682
828 595 784 695
123 204 294 695
204 205 294 695
126 123 294 695
124 204 123 695
642 644 636 695
643 644 642 695
644 124 636 695
275 88 89 744
735 712 807 761
287 931 710 792
710 931 736 792
287 710 736 792
815 988 868 834
837 687 944 869
181 785 912 896
588 363 541 792
74 75 213 939
172 305 858 775
659 664 158 756
259 159 158 756
205 940 695 927
260 259 158 756
664 260 158 756
861 735 769 761
214 304 686 761
157 160 43 958
160 161 43 958
157 43 44 958
920 587 749 761
861 159 756 1008
712 685 958 1008
491 490 878 817
490 491 685 817
88 89 744 745
160 286 712 1008
491 364 996 817
364 491 878 817
865 88 744 745
931 712 749 909
157 160 958 1008
159 157 756 1008
696 756 958 1008
807 735 756 1008
186 58 187 817
58 236 187 817
813 865 744 745
56 58 931 909
1007 815 868 711
88 43 89 745
758 817 811 909
43 161 89 745
587 735 807 761
587 920 735 761
769 920 686 761
304 769 686 761
304 234 769 761
286 233 214 761
233 304 214 761
57 286 214 761
234 304 233 761
58 57 931 909
712 186 817 909
749 712 996 909
996 712 817 909
57 186 712 909
57 712 931 909
58 240 168 909
56 240 58 909
186 57 58 909
286 861 761 1008
712 286 761 1008
735 712 761 1008
861 735 761 1008
159 160 157 1008
159 286 160 1008
39 40 204 927
204 40 205 927
646 39 643 927
644 643 39 927
646 41 39 927
40 39 41 927
1034 782 1005 860
272 254 912 962
705 785 912 962
782 181 785 962
256 125 167 883
237 125 256 883
892 791 818 968
239 237 256 883
791 818 836 760
254 255 711 943
634 639 905 790
68 67 715 790
905 639 715 790
376 634 905 790
67 179 782 790
167 883 713 943
254 256 255 943
179 239 272 860
181 179 272 860
687 785 771 896
167 256 883 943
74 292 711 980
213 111 834 1036
181 782 860 962
96 171 932 775
287 76 77 1050
77 76 74 1050
782 785 1005 962
262 77 74 1050
240 287 77 1050
835 740 871 787
274 292 111 834
292 213 111 834
791 93 740 787
723 76 1046 939
687 109 804 869
705 834 912 896
912 815 962 943
66 1040 871 787
239 739 883 943
739 239 962 943
953 739 962 943
292 274 254 912
274 272 254 912
207 111 1036 869
181 272 274 912
181 782 785 896
255 262 711 713
293 92 892 968
404 771 1009 748
876 730 792 913
876 563 730 913
181 189 782 896
77 792 1050 913
109 687 804 896
110 109 804 896
110 181 274 896
110 274 111 896
109 110 111 896
1012 723 868 980
181 110 189 896
563 876 766 913
758 876 792 913
876 758 811 913
77 240 792 913
76 886 723 1046
723 886 895 1046
895 54 736 1046
886 119 895 1046
782 1034 1009 715
758 792 909 913
811 758 909 913
168 811 909 913
792 240 909 913
240 168 909 913
262 168 77 913
167 168 262 913
168 240 77 913
76 119 886 1046
631 846 1043 819
739 815 953 962
815 573 1005 962
815 785 705 962
573 815 739 962
255 262 74 711
292 255 74 711
785 815 1005 962
292 254 255 711
1034 374 1009 715
860 272 912 962
1012 698 939 1036
247 206 75 939
213 207 111 1036
206 207 1036 869
698 206 1036 869
63 206 985 869
688 63 985 869
804 63 688 869
804 688 944 869
834 837 1036 869
111 834 1036 869
834 111 896 869
837 834 896 869
688 924 944 869
688 985 924 869
207 63 109 869
207 109 111 869
63 207 206 869
913 563 711 713
262 913 711 713
262 167 913 713
100 67 782 748
263 967 819 727
168 811 913 713
167 168 913 713
563 556 711 713
125 126 167 713
167 262 255 713
635 973 900 757
126 168 167 713
563 471 556 713
123 125 918 757
953 739 883 757
739 953 900 757
125 969 918 757
398 760 808 923
99 96 1013 775
125 126 713 757
245 67 100 715
67 245 69 715
639 69 633 715
68 69 639 715
68 67 69 715
739 973 883 757
471 953 713 757
376 484 634 790
1005 1034 860 790
1034 1005 1021 790
1021 1005 860 790
639 634 68 790
68 179 67 790
471 429 953 757
953 429 900 757
784 429 766 757
784 766 713 757
973 969 883 757
635 969 973 757
784 126 695 757
1028 784 695 757
126 784 811 757
811 784 713 757
126 811 713 757
695 123 918 757
1028 695 918 757
429 471 766 757
766 471 713 757
635 1028 918 757
969 635 918 757
126 123 695 757
123 126 125 757
165 166 99 885
95 171 170 889
771 403 1013 748
771 782 1009 748
98 1013 796 885
782 67 715 748
96 98 99 1013
950 474 852 910
1023 688 944 728
1043 967 681 819
100 98 96 1013
782 771 908 748
325 315 821 857
191 172 1044 889
189 100 782 748
796 885 773 937
414 413 687 898
687 804 908 796
192 191 1044 846
305 278 858 726
99 166 305 726
64 121 804 796
1040 787 728 875
425 398 760 937
775 1013 885 773
108 121 165 796
108 165 98 796
121 64 66 787
121 66 93 787
760 398 993 923
1013 771 748 898
215 195 873 968
172 171 858 889
96 1013 775 741
371 412 687 728
356 572 1025 966
337 355 825 1033
320 337 793 984
211 85 315 821
515 315 747 984
154 153 36 963
743 967 727 917
94 166 165 836
786 743 700 690
688 804 944 728
821 211 701 747
166 252 253 726
818 92 873 968
195 92 293 968
197 271 681 722
92 195 215 968
967 681 727 917
755 356 1025 966
278 263 1044 884
633 245 932 976
641 1043 963 763
278 858 726 884
253 278 726 884
579 554 606 972
737 884 819 727
215 263 253 884
750 725 848 881
884 263 819 727
252 215 253 884
253 263 278 884
436 434 355 1033
325 47 826 821
725 867 881 999
631 637 190 846
190 192 196 846
154 631 190 846
190 196 154 846
190 191 192 846
154 641 631 846
193 195 946 743
412 371 944 728
1017 139 681 722
858 775 726 972
519 873 850 727
921 627 746 797
641 631 846 1043
645 631 641 763
70 820 863 694
942 49 820 722
750 881 831 999
283 49 942 992
495 457 500 893
289 321 802 694
192 285 196 1043
285 197 196 1043
606 470 972 850
377 318 320 694
192 263 285 1043
622 331 626 797
374 1009 715 976
694 942 755 746
48 139 1017 722
641 631 1043 763
37 627 36 1048
35 37 36 1048
36 627 628 1048
641 36 628 963
153 35 36 1048
131 699 701 888
70 229 283 942
152 242 229 921
229 70 289 942
638 633 932 950
36 641 154 963
59 293 892 700
150 37 152 921
404 546 741 976
546 374 905 976
289 229 942 694
130 193 699 814
888 722 755 825
681 814 922 917
498 497 434 917
850 553 760 808
355 888 755 825
48 139 130 1017
389 725 999 857
402 972 773 852
130 139 217 1017
413 371 687 728
285 1043 967 681
48 130 131 1017
355 434 922 1033
873 215 967 743
215 195 967 743
401 633 950 976
821 315 747 857
195 873 968 743
945 50 701 888
194 217 967 814
217 285 967 681
235 132 284 946
132 193 284 946
946 699 743 690
737 494 819 893
193 195 284 946
681 963 767 1025
950 932 741 976
436 604 831 999
681 586 727 917
195 112 284 786
112 113 284 786
699 303 881 831
458 501 500 763
271 49 992 722
27 50 211 945
211 50 701 747
499 497 498 743
835 791 787 875
27 945 747 825
285 194 217 967
285 263 194 967
263 215 194 967
355 337 357 1033
215 195 194 967
818 726 836 760
722 888 755 922
867 701 999 857
85 47 325 821
46 86 848 867
35 271 49 992
494 496 579 737
216 86 84 867
131 699 881 701
86 46 84 867
750 955 951 881
235 303 951 881
86 235 951 881
86 216 303 881
303 216 131 881
130 699 1017 814
86 303 235 881
814 922 917 935
820 793 863 694
846 1044 1043 819
521 586 501 681
197 285 217 681
139 197 217 681
131 48 1017 888
590 531 802 694
229 289 802 694
319 590 802 694
604 390 750 999
355 443 755 922
496 500 819 893
357 747 825 984
50 216 84 701
216 50 131 701
434 497 521 917
531 530 802 797
743 499 700 690
401 546 375 976
404 1013 741 852
390 389 725 999
793 318 863 694
356 584 755 1025
520 436 701 999
229 802 942 694
194 130 217 814
130 194 193 814
318 70 863 694
417 772 1014 911
326 26 315 747
26 27 211 747
357 515 747 984
397 700 808 855
873 553 850 808
70 942 820 694
434 521 922 917
377 320 793 694
496 495 500 893
888 355 922 1033
1048 628 963 767
153 35 1048 767
645 631 763 893
942 992 1025 746
229 283 942 746
1048 242 921 746
245 633 715 976
139 197 681 722
271 681 722 1025
35 49 283 992
1044 278 884 737
630 543 746 797
71 70 318 694
630 624 455 797
623 627 921 797
196 153 154 963
820 48 945 722
945 48 888 722
820 945 888 722
586 501 681 763
457 458 500 763
49 271 139 722
48 49 139 722
271 197 139 722
584 531 377 694
590 319 377 694
321 318 319 694
377 531 590 694
70 71 289 694
321 71 318 694
242 1048 992 746
337 356 377 755
356 584 377 755
495 496 494 893
500 501 586 763
633 639 715 976
628 645 963 767
963 645 763 767
645 458 763 767
645 628 458 767
622 227 802 797
543 531 746 797
802 227 921 797
271 153 963 767
457 645 763 893
229 802 921 746
628 344 458 767
344 629 345 767
458 345 572 767
627 1048 921 746
629 628 627 767
763 631 819 893
271 35 153 767
629 344 628 767
344 345 458 767
584 694 755 746
283 242 992 746
629 630 543 746
1048 627 767 746
627 629 767 746
629 345 767 746
345 629 543 746
767 345 1025 746
992 767 1025 746
443 755 922 966
584 543 531 746
345 543 584 746
229 242 283 746
630 629 627 746
715 1009 741 976
501 521 681 966
637 475 632 1027
475 494 476 1027
475 400 632 1027
521 443 922 966
400 474 399 950
400 401 638 950
400 399 401 950
632 400 638 950
401 399 546 950
638 401 633 950
632 400 950 910
972 775 852 910
474 972 852 910
493 414 771 898
195 786 743 700
1009 404 748 741
715 1009 748 741
579 554 972 850
908 1013 748 898
253 818 873 850
398 396 425 993
858 726 884 850
726 858 972 850
368 396 397 923
818 253 726 850
728 787 937 875
399 404 546 741
775 858 889 910
245 100 96 741
726 253 884 850
1044 192 1043 819
968 195 743 700
496 586 564 819
586 496 500 819
737 579 972 850
858 737 972 850
687 804 796 728
858 884 737 850
470 554 553 850
553 554 519 850
368 594 700 923
606 554 470 850
355 888 825 1033
496 579 819 727
564 496 819 727
564 497 519 727
564 519 554 727
564 586 497 727
579 564 554 727
579 496 564 727
370 933 728 875
470 553 398 760
717 1040 688 728
435 831 690 935
413 414 493 898
885 1013 898 773
796 885 898 773
425 371 728 875
972 726 850 773
470 972 850 773
606 402 972 773
470 606 972 773
1013 403 898 773
403 469 898 773
402 470 469 773
402 469 403 773
402 606 470 773
700 397 808 923
398 425 760 993
804 64 796 728
1040 871 787 875
425 396 875 993
425 728 937 875
121 64 787 728
64 121 796 728
796 121 787 728
396 835 875 993
370 933 717 728
791 787 875 993
835 791 875 993
373 396 835 875
195 112 786 700
717 933 871 875
1040 717 871 875
717 1040 728 875
933 717 728 875
373 425 396 875
373 371 425 875
371 373 370 875
972 775 773 852
368 416 1014 700
396 368 835 923
59 892 738 700
112 59 738 700
112 979 786 700
979 112 738 700
945 701 747 825
368 1014 738 700
892 368 738 700
979 1014 786 700
1014 979 738 700
968 873 808 855
112 195 293 700
59 112 293 700
499 416 594 700
368 594 416 700
397 398 808 923
499 585 416 700
699 814 690 935
637 494 737 893
500 457 763 893
494 637 495 893
495 631 457 893
355 434 443 922
434 521 443 922
793 337 825 984
436 520 604 999
520 389 390 999
701 520 999 857
515 315 316 857
829 325 826 857
826 325 821 857
725 829 826 857
314 325 829 857
389 314 829 857
389 357 515 857
520 357 389 857
316 389 515 857
315 325 316 857
316 314 389 857
325 314 316 857
515 337 317 984
317 337 320 984
326 315 317 984
326 317 320 984
515 357 337 984
951 536 690 911
536 585 690 911
417 536 772 911
405 417 1014 911
416 405 1014 911
416 585 417 911
417 585 536 911
405 416 417 911
604 436 831 935
435 604 831 935
699 888 922 935
922 888 1033 935
831 436 999 935
701 831 999 935
436 701 999 935
699 701 888 935
888 701 1033 935
436 435 434 935
498 434 435 935
436 604 435 935
519 397 808 855
791 818 760 808
873 743 727 855
553 519 397 808
553 397 398 808
403 402 773 852
743 968 700 855
775 1013 773 852
519 499 397 855
499 594 397 855
519 497 499 855
404 403 1013 852
399 404 741 852
399 474 402 852
399 402 403 852
399 403 404 852
400 632 1027 910
638 632 950 910
632 638 775 910
775 638 950 910
476 475 1027 910
606 476 972 910
474 606 972 910
475 474 400 910
475 476 474 910
474 476 606 910
521 922 917 966
681 521 917 966
458 763 767 966
458 501 763 966
572 458 767 966
443 501 572 966
443 521 501 966
572 356 443 966
572 501 458 966
457 631 645 893
